train_label,train_precision,train_recall,train_f1-score,train_support,valid_label,valid_precision,valid_recall,valid_f1-score,valid_support,test_label,test_precision,test_recall,test_f1-score,test_support
0.0,0.01293103448275862,0.42857142857142855,0.02510460251046025,21,0.0,0.24675324675324675,0.35185185185185186,0.29007633587786263,54,0.0,0.16279069767441862,0.25,0.1971830985915493,56
1.0,0.0,0.0,0.0,23,1.0,0.0,0.0,0.0,0,1.0,0.0,0.0,0.0,0
2.0,0.005050505050505051,0.08,0.009501187648456057,25,2.0,0.0,0.0,0.0,0,2.0,0.0,0.0,0.0,0
3.0,0.0,0.0,0.0,5,3.0,0.0,0.0,0.0,0,3.0,0.0,0.0,0.0,0
4.0,0.9857777777777778,0.4256380733064671,0.5945583701916634,5211,4.0,0.956,0.44756554307116103,0.6096938775510204,534,4.0,0.9244604316546763,0.4304857621440536,0.5874285714285714,597
5.0,0.0,0.0,0.0,1,5.0,0.0,0.0,0.0,0,5.0,0.0,0.0,0.0,0
6.0,0.0,0.0,0.0,0,6.0,0.0,0.0,0.0,0,6.0,0.0,0.0,0.0,0
accuracy,0.0,0.0,0.4216799091940976,0,accuracy,0.0,0.0,0.4387755102040816,0,accuracy,0.0,0.0,0.41500765696784075,0
macro avg,0.14339418818729163,0.1334585002682708,0.08988059433579709,5286,macro avg,0.17182189239332096,0.11420248498900185,0.12853860191841188,588,macro avg,0.15532158990415643,0.09721225173486481,0.11208738143144581,653
weighted avg,0.971866404530912,0.4216799091940976,0.5862671951215832,5286,weighted avg,0.8908650940895838,0.4387755102040816,0.5803412461728734,588,weighted avg,0.8591411282811778,0.41500765696784075,0.5539618846309096,653
mood_0.0,0.021828103683492497,0.25806451612903225,0.04025157232704403,124,mood_0.0,0.0,0.0,0.0,0,mood_0.0,0.0,0.0,0.0,0
mood_1.0,0.002555366269165247,0.3333333333333333,0.005071851225697379,9,mood_1.0,0.0,0.0,0.0,0,mood_1.0,0.0,0.0,0.0,0
mood_2.0,0.9602122015915119,0.07088310162522028,0.1320204230488694,5107,mood_2.0,1.0,0.07142857142857142,0.13333333333333333,588,mood_2.0,1.0,0.06584992343032159,0.12356321839080459,653
mood_3.0,0.0057293962097840455,0.2826086956521739,0.01123110151187905,46,mood_3.0,0.0,0.0,0.0,0,mood_3.0,0.0,0.0,0.0,0
mood_accuracy,0.0,0.0,0.4216799091940976,0,mood_accuracy,0.0,0.0,0.4387755102040816,0,mood_accuracy,0.0,0.0,0.41500765696784075,0
mood_macro avg,0.24758126693848842,0.2362224116849399,0.04714373702837247,5286,mood_macro avg,0.25,0.017857142857142856,0.03333333333333333,588,mood_macro avg,0.25,0.016462480857580397,0.030890804597701146,653
mood_weighted avg,0.9282627599142407,0.07756337495270525,0.12860041104988787,5286,mood_weighted avg,1.0,0.07142857142857142,0.13333333333333333,588,mood_weighted avg,1.0,0.06584992343032159,0.12356321839080459,653
0.0,0.1997126436781609,0.35459183673469385,0.2555147058823529,392,0.0,0.11688311688311688,0.42857142857142855,0.1836734693877551,21,0.0,0.11627906976744186,0.47619047619047616,0.18691588785046728,21
1.0,0.0,0.0,0.0,0,1.0,0.0,0.0,0.0,0,1.0,0.0,0.0,0.0,0
2.0,0.0,0.0,0.0,0,2.0,0.0,0.0,0.0,0,2.0,0.0,0.0,0.0,0
3.0,0.02954048140043764,0.30337078651685395,0.053838484546360914,89,3.0,0.24509803921568626,0.3125,0.2747252747252747,80,3.0,0.168141592920354,0.2159090909090909,0.1890547263681592,88
4.0,0.9422222222222222,0.441207075962539,0.6009922041105599,4805,4.0,0.844,0.433264887063655,0.5725915875169606,487,4.0,0.8669064748201439,0.4430147058823529,0.5863746958637469,544
5.0,0.0,0.0,0.0,0,5.0,0.0,0.0,0.0,0,5.0,0.0,0.0,0.0,0
6.0,0.0,0.0,0.0,0,6.0,0.0,0.0,0.0,0,6.0,0.0,0.0,0.0,0
accuracy,0.0,0.0,0.43246311010215666,0,accuracy,0.0,0.0,0.4166666666666667,0,accuracy,0.0,0.0,0.41347626339969373,0
macro avg,0.1673536210429744,0.15702424274486956,0.13004934207703908,5286,macro avg,0.17228302229982903,0.16776233080501196,0.14728433308999864,588,macro avg,0.16447530535827712,0.16215918185456,0.13747790144033906,653
weighted avg,0.871792326323166,0.43246311010215666,0.5661598430915151,5286,weighted avg,0.7365482799180277,0.4166666666666667,0.518175625775382,588,weighted avg,0.7485994532071452,0.41347626339969373,0.5199845085989834,653
mood_0.0,0.021145975443383355,0.36046511627906974,0.03994845360824742,86,mood_0.0,0.029585798816568046,0.35714285714285715,0.0546448087431694,14,mood_0.0,0.03225806451612903,0.3157894736842105,0.05853658536585366,19
mood_1.0,0.0,0.0,0.0,0,mood_1.0,0.0,0.0,0.0,0,mood_1.0,0.0,0.0,0.0,0
mood_2.0,0.9973474801061007,0.07230769230769231,0.13483951945490408,5200,mood_2.0,1.0,0.07317073170731707,0.13636363636363635,574,mood_2.0,0.9534883720930233,0.06466876971608833,0.12112259970457903,634
mood_3.0,0.0,0.0,0.0,0,mood_3.0,0.0,0.0,0.0,0,mood_3.0,0.0,0.0,0.0,0
mood_accuracy,0.0,0.0,0.43246311010215666,0,mood_accuracy,0.0,0.0,0.4166666666666667,0,mood_accuracy,0.0,0.0,0.41347626339969373,0
mood_macro avg,0.254623363887371,0.10819320214669051,0.043696993265787874,5286,mood_macro avg,0.257396449704142,0.10757839721254356,0.04775211127670144,588,mood_macro avg,0.24643660915228807,0.0951145608500747,0.04491479626760817,653
mood_weighted avg,0.9814652762844976,0.07699583806280741,0.13329569961706592,5286,mood_weighted avg,0.976894899971823,0.07993197278911565,0.1344179499917205,588,mood_weighted avg,0.9266838149047216,0.07197549770290965,0.11930156712810769,653
0.0,0.5158045977011494,0.4748677248677249,0.49449035812672176,756,0.0,0.2857142857142857,0.3013698630136986,0.29333333333333333,73,0.0,0.2441860465116279,0.23076923076923078,0.23728813559322035,91
1.0,0.0,0.0,0.0,0,1.0,0.0,0.0,0.0,0,1.0,0.0,0.0,0.0,0
2.0,0.050505050505050504,0.38461538461538464,0.08928571428571427,52,2.0,0.20454545454545456,0.2903225806451613,0.24000000000000005,31,2.0,0.02040816326530612,0.030303030303030304,0.024390243902439025,33
3.0,0.14660831509846828,0.4542372881355932,0.22167080231596364,295,3.0,0.00980392156862745,0.25,0.018867924528301886,4,3.0,0.017699115044247787,0.2857142857142857,0.033333333333333326,7
4.0,0.8875555555555555,0.48120481927710845,0.6240625000000001,4150,4.0,0.884,0.4613778705636743,0.6063100137174211,479,4.0,0.8201438848920863,0.4393063583815029,0.5721455457967377,519
5.0,0.0025,0.14285714285714285,0.004914004914004914,7,5.0,0.0,0.0,0.0,1,5.0,0.02040816326530612,0.3333333333333333,0.03846153846153846,3
6.0,0.015594541910331383,0.3076923076923077,0.02968460111317254,26,6.0,0.0,0.0,0.0,0,6.0,0.0,0.0,0.0,0
accuracy,0.0,0.0,0.4765418085508891,0,accuracy,0.0,0.0,0.4302721088435374,0,accuracy,0.0,0.0,0.3874425727411945,0
macro avg,0.23122400868150786,0.32078209534932306,0.20915828296508246,5286,macro avg,0.19772338026119538,0.1861529020317906,0.1655016102255795,588,macro avg,0.16040648185408204,0.18848946264305472,0.1293741138696098,653
weighted avg,0.7793421311175943,0.4765418085508891,0.5740703797262976,5286,weighted avg,0.7664511354325279,0.4302721088435374,0.5431144585069578,588,weighted avg,0.6871886587663273,0.3874425727411945,0.4895717528407173,653
mood_0.0,0.14120054570259208,0.34673366834170855,0.20067862336403297,597,mood_0.0,0.07692307692307693,0.35135135135135137,0.1262135922330097,37,mood_0.0,0.04838709677419355,0.3103448275862069,0.08372093023255812,29
mood_1.0,0.0,0.0,0.0,1,mood_1.0,0.0,0.0,0.0,0,mood_1.0,0.0,0.0,0.0,0
mood_2.0,0.9628647214854111,0.07754753257850887,0.14353499406880188,4681,mood_2.0,0.9761904761904762,0.07441016333938294,0.13827993254637436,551,mood_2.0,0.9767441860465116,0.0673076923076923,0.1259370314842579,624
mood_3.0,0.0013221683561040105,0.42857142857142855,0.0026362038664323375,7,mood_3.0,0.0,0.0,0.0,0,mood_3.0,0.0,0.0,0.0,0
mood_accuracy,0.0,0.0,0.4765418085508891,0,mood_accuracy,0.0,0.0,0.4302721088435374,0,mood_accuracy,0.0,0.0,0.3874425727411945,0
mood_macro avg,0.2763468588860268,0.2132131573729115,0.08671245532481679,5286,mood_macro avg,0.2632783882783883,0.10644037867268358,0.06612338119484601,588,mood_macro avg,0.2562828207051763,0.0944131299734748,0.052414490429204,653
mood_weighted avg,0.8686106209300322,0.10839954597048808,0.149775047069893,5286,mood_weighted avg,0.9196039221549426,0.09183673469387756,0.1375206560300572,588,mood_weighted avg,0.9355154638583075,0.0781010719754977,0.1240621969723141,653
0.0,0.7241379310344828,0.6072289156626506,0.6605504587155964,830,0.0,0.3116883116883117,0.3116883116883117,0.3116883116883117,77,0.0,0.23255813953488372,0.2597402597402597,0.24539877300613497,77
1.0,0.0,0.0,0.0,0,1.0,0.0,0.0,0.0,0,1.0,0.0,0.0,0.0,0
2.0,0.2828282828282828,0.46473029045643155,0.3516483516483516,241,2.0,0.0,0.0,0.0,3,2.0,0.0,0.0,0.0,13
3.0,0.28774617067833697,0.5560253699788583,0.37923576063446285,473,3.0,0.2549019607843137,0.36619718309859156,0.30057803468208094,71,3.0,0.23893805309734514,0.2903225806451613,0.2621359223300971,93
4.0,0.8515555555555555,0.5532775050534219,0.6707509189567652,3463,4.0,0.728,0.44390243902439025,0.5515151515151515,410,4.0,0.7338129496402878,0.4646924829157175,0.5690376569037657,439
5.0,0.145,0.3841059602649007,0.21052631578947367,151,5.0,0.0,0.0,0.0,7,5.0,0.08163265306122448,0.2857142857142857,0.12698412698412698,14
6.0,0.08382066276803118,0.3359375,0.13416536661466458,128,6.0,0.07017543859649122,0.2,0.10389610389610389,20,6.0,0.046875,0.17647058823529413,0.07407407407407407,17
accuracy,0.0,0.0,0.5478622777147181,0,accuracy,0.0,0.0,0.4013605442176871,0,accuracy,0.0,0.0,0.39509954058192953,0
macro avg,0.3392983718378128,0.4144722202023233,0.34383959605133063,5286,macro avg,0.19496653015273094,0.18882684768732763,0.18109680025452116,588,macro avg,0.19054525647624873,0.21099145675010264,0.18251865047117125,653
weighted avg,0.7163944327230963,0.5478622777147181,0.6023752783237729,5286,weighted avg,0.5816012720877826,0.4013605442176871,0.46520437867612574,588,weighted avg,0.5577516580661296,0.39509954058192953,0.4534746014026977,653
mood_0.0,0.3431105047748977,0.35224089635854344,0.34761575673807876,1428,mood_0.0,0.3136094674556213,0.32919254658385094,0.3212121212121212,161,mood_0.0,0.3279569892473118,0.32972972972972975,0.3288409703504043,185
mood_1.0,0.0017035775127768314,0.6666666666666666,0.0033984706881903144,3,mood_1.0,0.0,0.0,0.0,0,mood_1.0,0.0,0.0,0.0,0
mood_2.0,0.8196286472148541,0.08389899538419766,0.1522167487684729,3683,mood_2.0,0.7380952380952381,0.07451923076923077,0.13537117903930132,416,mood_2.0,0.7674418604651163,0.07236842105263158,0.13226452905811623,456
mood_3.0,0.018069634200088145,0.23837209302325582,0.03359278984022942,172,mood_3.0,0.015748031496062992,0.36363636363636365,0.03018867924528302,11,mood_3.0,0.0176678445229682,0.4166666666666667,0.03389830508474576,12
mood_accuracy,0.0,0.0,0.5478622777147181,0,mood_accuracy,0.0,0.0,0.4013605442176871,0,mood_accuracy,0.0,0.0,0.39509954058192953,0
mood_macro avg,0.2956280909256542,0.3352946628581659,0.13420594150874285,5286,mood_macro avg,0.2668631842617306,0.19183703524736134,0.1216929948741764,588,mood_macro avg,0.27826667355884904,0.20469120436225702,0.12375095112331658,653
mood_weighted avg,0.6643524775493408,0.16174801362088537,0.20105897495286534,5286,mood_weighted avg,0.6083536932898482,0.14965986394557823,0.18428849909387582,588,mood_weighted avg,0.6291539747582257,0.15160796324655437,0.18614852132671172,653
0.0,0.7974137931034483,0.6894409937888198,0.7395069953364424,805,0.0,0.3116883116883117,0.2727272727272727,0.2909090909090909,88,0.0,0.26744186046511625,0.24210526315789474,0.25414364640883974,95
1.0,0.008547008547008548,0.5,0.016806722689075633,2,1.0,0.0,0.0,0.0,0,1.0,0.0,0.0,0.0,0
2.0,0.4494949494949495,0.5579937304075235,0.49790209790209794,319,2.0,0.18181818181818182,0.22857142857142856,0.20253164556962025,35,2.0,0.0,0.0,0.0,36
3.0,0.4387308533916849,0.634493670886076,0.51875808538163,632,3.0,0.22549019607843138,0.2875,0.25274725274725274,80,3.0,0.25663716814159293,0.29,0.27230046948356806,100
4.0,0.8475555555555555,0.6390750670241286,0.7286969812762705,2984,4.0,0.576,0.46905537459283386,0.5170556552962299,307,4.0,0.5611510791366906,0.4508670520231214,0.5,346
5.0,0.325,0.5038759689922481,0.3951367781155016,258,5.0,0.13333333333333333,0.14285714285714285,0.1379310344827586,42,5.0,0.14285714285714285,0.12962962962962962,0.1359223300970874,54
6.0,0.30214424951267055,0.541958041958042,0.3879849812265332,286,6.0,0.14035087719298245,0.2222222222222222,0.17204301075268819,36,6.0,0.046875,0.13636363636363635,0.06976744186046512,22
accuracy,0.0,0.0,0.6293984108967083,0,accuracy,0.0,0.0,0.3622448979591837,0,accuracy,0.0,0.0,0.333843797856049,0
macro avg,0.4526980585150454,0.5809767818652626,0.46925609170393595,5286,macro avg,0.22409727144446295,0.23184763442441428,0.22474538425109153,588,macro avg,0.18213746437150607,0.1784236544534689,0.17601912683570858,653
weighted avg,0.7116857773053736,0.6293984108967083,0.6563305730980236,5286,weighted avg,0.40700009363508444,0.3622448979591837,0.38032504392182337,588,weighted avg,0.38893491983755896,0.333843797856049,0.357195073358912,653
mood_0.0,0.5177353342428377,0.34173795587573164,0.41171684296175753,2221,mood_0.0,0.4378698224852071,0.29133858267716534,0.34988179669030733,254,mood_0.0,0.46236559139784944,0.3049645390070922,0.36752136752136755,282
mood_1.0,0.0008517887563884157,0.25,0.001697792869269949,4,mood_1.0,0.0,0.0,0.0,1,mood_1.0,0.0,0.0,0.0,0
mood_2.0,0.5862068965517241,0.09079704190632704,0.15723941657773036,2434,mood_2.0,0.5238095238095238,0.08088235294117647,0.14012738853503184,272,mood_2.0,0.37209302325581395,0.05423728813559322,0.09467455621301776,295
mood_3.0,0.05112384310268841,0.1850079744816587,0.08011049723756905,627,mood_3.0,0.10236220472440945,0.4262295081967213,0.16507936507936508,61,mood_3.0,0.10600706713780919,0.39473684210526316,0.16713091922005574,76
mood_accuracy,0.0,0.0,0.6293984108967083,0,mood_accuracy,0.0,0.0,0.3622448979591837,0,mood_accuracy,0.0,0.0,0.333843797856049,0
mood_macro avg,0.28897946566340965,0.21688574306592937,0.16269113741158173,5286,mood_macro avg,0.2660103877547851,0.19961261095376576,0.16377213757617606,588,mood_macro avg,0.23511642044786815,0.18848466731198715,0.15733171073861027,653
mood_weighted avg,0.49352550517227584,0.20752932273931138,0.2548959366454204,5286,mood_weighted avg,0.44207350318983346,0.20748299319727892,0.23308582875970746,588,mood_weighted avg,0.3801088449266955,0.20214395099540583,0.22093716628574292,653
0.0,0.8735632183908046,0.7628607277289837,0.8144675150703281,797,0.0,0.2597402597402597,0.273972602739726,0.26666666666666666,73,0.0,0.20930232558139536,0.24,0.2236024844720497,75
1.0,0.1623931623931624,0.6333333333333333,0.2585034013605442,30,1.0,0.0,0.0,0.0,1,1.0,0.0,0.0,0.0,2
2.0,0.5858585858585859,0.6685878962536023,0.6244952893674293,347,2.0,0.25,0.16176470588235295,0.19642857142857145,68,2.0,0.04081632653061224,0.029411764705882353,0.034188034188034185,68
3.0,0.5809628008752735,0.7137096774193549,0.6405307599517491,744,3.0,0.24509803921568626,0.25,0.2475247524752475,100,3.0,0.2831858407079646,0.2882882882882883,0.28571428571428575,111
4.0,0.8595555555555555,0.729260935143288,0.7890656874745001,2652,4.0,0.484,0.4600760456273764,0.47173489278752434,263,4.0,0.4856115107913669,0.46875,0.47703180212014135,288
5.0,0.5325,0.6068376068376068,0.5672436750998668,351,5.0,0.08888888888888889,0.13333333333333333,0.10666666666666669,30,5.0,0.20408163265306123,0.2,0.20202020202020204,50
6.0,0.4619883040935672,0.6493150684931507,0.5398633257403189,365,6.0,0.14035087719298245,0.1509433962264151,0.14545454545454545,53,6.0,0.140625,0.15254237288135594,0.14634146341463414,59
accuracy,0.0,0.0,0.713961407491487,0,accuracy,0.0,0.0,0.32142857142857145,0,accuracy,0.0,0.0,0.31546707503828486,0
macro avg,0.5795459467381355,0.6805578921727599,0.6048813791521052,5286,macro avg,0.20972543786254533,0.20429858340131482,0.20492515649703175,588,macro avg,0.1948032337520572,0.19699891798221808,0.19555689598990672,653
weighted avg,0.7513631285283549,0.713961407491487,0.7262382348475428,5286,weighted avg,0.336510384422623,0.32142857142857145,0.3274687967407212,588,weighted avg,0.31893397347907676,0.31546707503828486,0.3168906184189127,653
mood_0.0,0.6180081855388813,0.3229946524064171,0.42425661437602435,2805,mood_0.0,0.6390532544378699,0.28272251308900526,0.39201451905626133,382,mood_0.0,0.6774193548387096,0.2923433874709977,0.40842787682333875,431
mood_1.0,0.002555366269165247,0.25,0.00505902192242833,12,mood_1.0,0.0,0.0,0.0,2,mood_1.0,0.0,0.0,0.0,1
mood_2.0,0.38726790450928383,0.08869987849331713,0.14434008897676717,1646,mood_2.0,0.3333333333333333,0.10687022900763359,0.16184971098265896,131,mood_2.0,0.16279069767441862,0.04964539007092199,0.07608695652173914,141
mood_3.0,0.06963420008814455,0.1919805589307412,0.10219922380336352,823,mood_3.0,0.1377952755905512,0.4794520547945205,0.21406727828746178,73,mood_3.0,0.127208480565371,0.45,0.1983471074380165,80
mood_accuracy,0.0,0.0,0.713961407491487,0,mood_accuracy,0.0,0.0,0.32142857142857145,0,mood_accuracy,0.0,0.0,0.31546707503828486,0
mood_macro avg,0.2693664141013687,0.21341877245761887,0.16896373726964586,5286,mood_macro avg,0.2775454658404386,0.21726119922278986,0.1919828770815955,588,mood_macro avg,0.2418546332696248,0.1979971943854799,0.1707154851957736,653
mood_weighted avg,0.45938243328161477,0.229474082482028,0.28599967068364446,5286,mood_weighted avg,0.506537525476264,0.26700680272108845,0.3173108328796001,588,mood_weighted avg,0.49785284648209277,0.25880551301684535,0.3103038964402229,653
0.0,0.9051724137931034,0.8333333333333334,0.8677685950413223,756,0.0,0.19480519480519481,0.2830188679245283,0.23076923076923078,53,0.0,0.18604651162790697,0.25396825396825395,0.21476510067114093,63
1.0,0.3076923076923077,0.782608695652174,0.44171779141104295,46,1.0,0.0,0.0,0.0,3,1.0,0.0,0.0,0.0,3
2.0,0.7121212121212122,0.752,0.7315175097276264,375,2.0,0.18181818181818182,0.2,0.1904761904761905,40,2.0,0.04081632653061224,0.05,0.04494382022471909,40
3.0,0.6903719912472648,0.7476303317535545,0.7178612059158135,844,3.0,0.17647058823529413,0.2647058823529412,0.21176470588235294,68,3.0,0.25663716814159293,0.31868131868131866,0.2843137254901961,91
4.0,0.8626666666666667,0.7887037789516457,0.8240288686053916,2461,4.0,0.62,0.45454545454545453,0.5245346869712352,341,4.0,0.6330935251798561,0.46808510638297873,0.5382262996941896,376
5.0,0.5925,0.6752136752136753,0.6311584553928097,351,5.0,0.08888888888888889,0.11428571428571428,0.1,35,5.0,0.16326530612244897,0.1951219512195122,0.17777777777777776,41
6.0,0.631578947368421,0.7152317880794702,0.6708074534161491,453,6.0,0.12280701754385964,0.14583333333333334,0.13333333333333333,48,6.0,0.09375,0.15384615384615385,0.11650485436893204,39
accuracy,0.0,0.0,0.7720393492243662,0,accuracy,0.0,0.0,0.3520408163265306,0,accuracy,0.0,0.0,0.36294027565084225,0
macro avg,0.6717290769841394,0.7563888004262648,0.697837125644308,5286,macro avg,0.19782712447020276,0.2089127503488531,0.1986968782046204,588,macro avg,0.19622983394320245,0.20567182629974537,0.19664736831813648,653
weighted avg,0.7879831698759252,0.7720393492243662,0.7775053802639453,5286,weighted avg,0.42520960977996425,0.3520408163265306,0.3792791583452518,588,weighted avg,0.43660162115362,0.36294027565084225,0.39112736610286525,653
mood_0.0,0.6343792633015006,0.3145079472438282,0.420529052679177,2957,mood_0.0,0.621301775147929,0.2916666666666667,0.3969754253308129,360,mood_0.0,0.6505376344086021,0.30402010050251255,0.4143835616438356,398
mood_1.0,0.010221465076660987,0.3870967741935484,0.019917012448132775,31,mood_1.0,0.0,0.0,0.0,2,mood_1.0,0.0070921985815602835,0.16666666666666666,0.013605442176870748,6
mood_2.0,0.29973474801061006,0.08632543926661573,0.1340450771055753,1309,mood_2.0,0.3333333333333333,0.08235294117647059,0.1320754716981132,170,mood_2.0,0.3023255813953488,0.07103825136612021,0.11504424778761062,183
mood_3.0,0.08285588364918467,0.19009100101112233,0.11540822590546346,989,mood_3.0,0.09448818897637795,0.42857142857142855,0.15483870967741936,56,mood_3.0,0.10247349823321555,0.4393939393939394,0.166189111747851,66
mood_accuracy,0.0,0.0,0.7720393492243662,0,mood_accuracy,0.0,0.0,0.3520408163265306,0,mood_accuracy,0.0,0.0,0.36294027565084225,0
mood_macro avg,0.2567978400094891,0.24450529042877867,0.17247484203458713,5286,mood_macro avg,0.2622808243644101,0.20064775910364147,0.1709724016765864,588,mood_macro avg,0.2656072281546817,0.2452797394823097,0.177305590839042,653
mood_weighted avg,0.44466015911366746,0.23514945138100643,0.29014861473891784,5286,mood_weighted avg,0.4857595991540787,0.24319727891156462,0.29597780790766565,588,mood_weighted avg,0.4916468054591946,0.25114854517611024,0.30172721119111595,653
0.0,0.9109195402298851,0.8720770288858322,0.8910751932536893,727,0.0,0.22077922077922077,0.288135593220339,0.25,59,0.0,0.22093023255813954,0.25333333333333335,0.23602484472049692,75
1.0,0.5042735042735043,0.7662337662337663,0.6082474226804123,77,1.0,0.0,0.0,0.0,3,1.0,0.0,0.0,0.0,4
2.0,0.7474747474747475,0.7810026385224275,0.7638709677419354,379,2.0,0.18181818181818182,0.17391304347826086,0.17777777777777776,46,2.0,0.061224489795918366,0.06521739130434782,0.06315789473684211,46
3.0,0.7691466083150985,0.8080459770114943,0.7881165919282512,870,3.0,0.18627450980392157,0.24050632911392406,0.2099447513812155,79,3.0,0.24778761061946902,0.2978723404255319,0.2705314009661836,94
4.0,0.8862222222222222,0.8402865571007164,0.8626433052130652,2373,4.0,0.508,0.4551971326164875,0.4801512287334594,279,4.0,0.539568345323741,0.4658385093167702,0.5,322
5.0,0.6975,0.744,0.72,375,5.0,0.13333333333333333,0.10526315789473684,0.11764705882352941,57,5.0,0.1836734693877551,0.16981132075471697,0.1764705882352941,53
6.0,0.7309941520467836,0.7731958762886598,0.7515030060120241,485,6.0,0.15789473684210525,0.13846153846153847,0.14754098360655737,65,6.0,0.15625,0.1694915254237288,0.16260162601626016,59
accuracy,0.0,0.0,0.82103670071888,0,accuracy,0.0,0.0,0.3163265306122449,0,accuracy,0.0,0.0,0.33537519142419603,0
macro avg,0.7495043963660344,0.7978345491489851,0.7693509266899111,5286,macro avg,0.1982999975109661,0.20021097068361238,0.1975802571889342,588,macro avg,0.2013477353835747,0.20308063150834701,0.201255193525011,653
weighted avg,0.8272073479340285,0.82103670071888,0.8231832709004978,5286,weighted avg,0.33282390231098136,0.3163265306122449,0.32274090517159254,588,weighted avg,0.3604480558078077,0.33537519142419603,0.34606970185939234,653
mood_0.0,0.630968622100955,0.30833333333333335,0.41424093148231084,3000,mood_0.0,0.5857988165680473,0.29464285714285715,0.3920792079207921,336,mood_0.0,0.6236559139784946,0.2997416020671835,0.4048865619546248,387
mood_1.0,0.015332197614991482,0.24324324324324326,0.028846153846153848,74,mood_1.0,0.0,0.0,0.0,5,mood_1.0,0.0070921985815602835,0.25,0.013793103448275862,4
mood_2.0,0.29708222811671087,0.08608762490392007,0.133492252681764,1301,mood_2.0,0.35714285714285715,0.08287292817679558,0.13452914798206278,181,mood_2.0,0.27906976744186046,0.061224489795918366,0.100418410041841,196
mood_3.0,0.08197443807844866,0.20417124039517015,0.1169811320754717,911,mood_3.0,0.11023622047244094,0.42424242424242425,0.17500000000000002,66,mood_3.0,0.09540636042402827,0.4090909090909091,0.1547277936962751,66
mood_accuracy,0.0,0.0,0.82103670071888,0,mood_accuracy,0.0,0.0,0.3163265306122449,0,mood_accuracy,0.0,0.0,0.33537519142419603,0
mood_macro avg,0.25633937147777647,0.2104588604689167,0.17339011752142508,5286,mood_macro avg,0.26329447354583635,0.20043955239051925,0.17540208897571374,588,mood_macro avg,0.25130606010648593,0.2550142502385027,0.1684564672852542,653
mood_weighted avg,0.4455586721142039,0.23477109345440786,0.28851695836006014,5286,mood_weighted avg,0.45705246608996963,0.24149659863945577,0.28509930211928486,588,mood_weighted avg,0.4630592675506801,0.23889739663093415,0.28581977740028774,653
0.0,0.9324712643678161,0.8927097661623109,0.9121574139142656,727,0.0,0.24675324675324675,0.3275862068965517,0.2814814814814815,58,0.0,0.22093023255813954,0.25,0.23456790123456792,76
1.0,0.6495726495726496,0.8,0.7169811320754716,95,1.0,0.0,0.0,0.0,8,1.0,0.0,0.0,0.0,9
2.0,0.8131313131313131,0.8363636363636363,0.8245838668373878,385,2.0,0.13636363636363635,0.1276595744680851,0.13186813186813187,47,2.0,0.04081632653061224,0.03773584905660377,0.039215686274509796,53
3.0,0.8140043763676149,0.8416289592760181,0.8275862068965517,884,3.0,0.20588235294117646,0.25301204819277107,0.227027027027027,83,3.0,0.2920353982300885,0.3333333333333333,0.3113207547169812,99
4.0,0.9057777777777778,0.8761822871883062,0.8907342657342658,2326,4.0,0.484,0.4671814671814672,0.47544204322200395,259,4.0,0.48201438848920863,0.4652777777777778,0.47349823321554774,288
5.0,0.81,0.8415584415584415,0.8254777070063695,385,5.0,0.2,0.12162162162162163,0.15126050420168066,74,5.0,0.30612244897959184,0.189873417721519,0.234375,79
6.0,0.8089668615984406,0.8574380165289256,0.8324974924774323,484,6.0,0.10526315789473684,0.1016949152542373,0.10344827586206898,59,6.0,0.125,0.16326530612244897,0.1415929203539823,49
accuracy,0.0,0.0,0.8641695043511162,0,accuracy,0.0,0.0,0.30952380952380953,0,accuracy,0.0,0.0,0.3231240428790199,0
macro avg,0.8191320346879447,0.849411586725377,0.8328597264202492,5286,macro avg,0.19689462770754235,0.19982226194496197,0.19578963766605625,588,macro avg,0.20955982782680582,0.205640812001669,0.2049386422565127,653
weighted avg,0.8669089117090594,0.8641695043511162,0.8650942581812748,5286,weighted avg,0.3132237088957251,0.30952380952380953,0.30918909208887213,588,weighted avg,0.33230365200551254,0.3231240428790199,0.3254938986933847,653
mood_0.0,0.6330150068212824,0.3012009087958455,0.40818121838574883,3081,mood_0.0,0.6094674556213018,0.30383480825958703,0.40551181102362205,339,mood_0.0,0.6129032258064516,0.2992125984251969,0.40211640211640215,381
mood_1.0,0.022146507666098807,0.28888888888888886,0.04113924050632911,90,mood_1.0,0.016260162601626018,0.2,0.030075187969924814,10,mood_1.0,0.0070921985815602835,0.16666666666666666,0.013605442176870748,6
mood_2.0,0.26790450928381965,0.08494533221194281,0.12899106002554278,1189,mood_2.0,0.2619047619047619,0.07432432432432433,0.11578947368421051,148,mood_2.0,0.3023255813953488,0.07926829268292683,0.12560386473429952,164
mood_3.0,0.08594094314676069,0.21058315334773217,0.12206572769953053,926,mood_3.0,0.1377952755905512,0.38461538461538464,0.2028985507246377,91,mood_3.0,0.15547703180212014,0.43137254901960786,0.22857142857142856,102
mood_accuracy,0.0,0.0,0.8641695043511162,0,mood_accuracy,0.0,0.0,0.30952380952380953,0,mood_accuracy,0.0,0.0,0.3231240428790199,0
mood_macro avg,0.2522517417294904,0.22140457081110232,0.1750943116542878,5286,mood_macro avg,0.2563569139295602,0.24069362929982402,0.18856875585059876,588,mood_macro avg,0.26944950939637025,0.24413002669859954,0.19247428439975026,653
mood_weighted avg,0.4446523262577908,0.2364737041241014,0.2890109912433215,5286,mood_weighted avg,0.4389002447657866,0.2568027210884354,0.29484671094883047,588,mood_weighted avg,0.4578847393819309,0.26339969372128635,0.30199280457905253,653
0.0,0.9339080459770115,0.9167842031029619,0.9252669039145908,709,0.0,0.24675324675324675,0.2753623188405797,0.26027397260273977,69,0.0,0.26744186046511625,0.26436781609195403,0.26589595375722536,87
1.0,0.7521367521367521,0.822429906542056,0.7857142857142856,107,1.0,0.0,0.0,0.0,4,1.0,0.0,0.0,0.0,4
2.0,0.8383838383838383,0.8534704370179949,0.845859872611465,389,2.0,0.1590909090909091,0.1794871794871795,0.16867469879518074,39,2.0,0.04081632653061224,0.05714285714285714,0.04761904761904761,35
3.0,0.8654266958424508,0.8682766190998902,0.8668493150684932,911,3.0,0.27450980392156865,0.2641509433962264,0.2692307692307692,106,3.0,0.2920353982300885,0.2796610169491525,0.28571428571428575,118
4.0,0.9146666666666666,0.9038208168642952,0.9092113982770047,2277,4.0,0.46,0.46558704453441296,0.46277665995975853,247,4.0,0.48201438848920863,0.46689895470383275,0.4743362831858407,287
5.0,0.8025,0.8273195876288659,0.8147208121827411,388,5.0,0.13333333333333333,0.10344827586206896,0.11650485436893203,58,5.0,0.24489795918367346,0.19672131147540983,0.21818181818181817,61
6.0,0.8362573099415205,0.8495049504950495,0.8428290766208252,505,6.0,0.17543859649122806,0.15384615384615385,0.1639344262295082,65,6.0,0.140625,0.14754098360655737,0.144,61
accuracy,0.0,0.0,0.8832765796443436,0,accuracy,0.0,0.0,0.31462585034013607,0,accuracy,0.0,0.0,0.32618683001531396,0
macro avg,0.84903990127832,0.8630866458215876,0.8557788091984865,5286,macro avg,0.2070179842271837,0.20598313085237452,0.20591362588384118,588,macro avg,0.20969013327124272,0.20176184856710908,0.20510676977974535,653
weighted avg,0.8841336382218288,0.8832765796443436,0.8836245918685756,5286,weighted avg,0.31477108979841656,0.31462585034013607,0.3142764169548284,588,weighted avg,0.33845516123551905,0.32618683001531396,0.33191654600498954,653
mood_0.0,0.6364256480218281,0.2972284166932144,0.40521172638436487,3139,mood_0.0,0.6035502958579881,0.2727272727272727,0.3756906077348066,374,mood_0.0,0.6344086021505376,0.291358024691358,0.39932318104906944,405
mood_1.0,0.03577512776831346,0.2876712328767123,0.06363636363636364,146,mood_1.0,0.008130081300813009,0.14285714285714285,0.015384615384615387,7,mood_1.0,0.0070921985815602835,0.1111111111111111,0.013333333333333334,9
mood_2.0,0.2864721485411141,0.09490333919156414,0.1425742574257426,1138,mood_2.0,0.2857142857142857,0.07947019867549669,0.12435233160621761,151,mood_2.0,0.32558139534883723,0.07567567567567568,0.12280701754385966,185
mood_3.0,0.0758043190832966,0.1993047508690614,0.10983397190293741,863,mood_3.0,0.09448818897637795,0.42857142857142855,0.15483870967741936,56,mood_3.0,0.09187279151943463,0.48148148148148145,0.15430267062314537,54
mood_accuracy,0.0,0.0,0.8832765796443436,0,mood_accuracy,0.0,0.0,0.31462585034013607,0,mood_accuracy,0.0,0.0,0.32618683001531396,0
mood_macro avg,0.2586193108536381,0.21977693490763808,0.18031407983735212,5286,mood_macro avg,0.24797071296236622,0.2309065107078352,0.16756656610076476,588,mood_macro avg,0.26473874690009247,0.23990657323990655,0.17244155063735195,653
mood_weighted avg,0.45296778475281213,0.2374195989405978,0.29101149090317074,5286,mood_weighted avg,0.46635870228831217,0.23639455782312926,0.2858233833588169,588,mood_weighted avg,0.493404291791403,0.2434915773353752,0.295402037954268,653
0.0,0.9554597701149425,0.9459459459459459,0.9506790564689065,703,0.0,0.23376623376623376,0.2535211267605634,0.24324324324324323,71,0.0,0.2558139534883721,0.2619047619047619,0.25882352941176473,84
1.0,0.8205128205128205,0.8807339449541285,0.8495575221238938,109,1.0,0.0,0.0,0.0,4,1.0,0.0,0.0,0.0,3
2.0,0.8762626262626263,0.8920308483290489,0.8840764331210191,389,2.0,0.1590909090909091,0.14583333333333334,0.15217391304347827,48,2.0,0.02040816326530612,0.021739130434782608,0.021052631578947368,46
3.0,0.8916849015317286,0.9055555555555556,0.898566703417861,900,3.0,0.23529411764705882,0.24,0.2376237623762376,100,3.0,0.3008849557522124,0.2905982905982906,0.29565217391304344,117
4.0,0.9355555555555556,0.922840859272249,0.9291547119841095,2281,4.0,0.556,0.4527687296416938,0.49910233393177744,307,4.0,0.5287769784172662,0.44545454545454544,0.4835526315789474,330
5.0,0.8625,0.8668341708542714,0.8646616541353385,398,5.0,0.044444444444444446,0.06896551724137931,0.05405405405405405,29,5.0,0.14285714285714285,0.17073170731707318,0.15555555555555559,41
6.0,0.884990253411306,0.8972332015810277,0.8910696761530913,506,6.0,0.05263157894736842,0.10344827586206896,0.06976744186046512,29,6.0,0.078125,0.15625,0.10416666666666667,32
accuracy,0.0,0.0,0.91316685584563,0,accuracy,0.0,0.0,0.3282312925170068,0,accuracy,0.0,0.0,0.33078101071975496,0
macro avg,0.8895665610555685,0.9015963609274609,0.8953951082006029,5286,macro avg,0.18303246912800208,0.18064814040557695,0.17942353550132223,588,macro avg,0.18955231339718567,0.1923826336727791,0.18840045552927506,653
weighted avg,0.913656636259887,0.91316685584563,0.9133491117450587,5286,weighted avg,0.3763101746204672,0.3282312925170068,0.3488983575383635,588,weighted avg,0.36827600790363996,0.33078101071975496,0.3469898643234451,653
mood_0.0,0.6159618008185539,0.299800796812749,0.4033050468959357,3012,mood_0.0,0.7100591715976331,0.3022670025188917,0.42402826855123676,397,mood_0.0,0.7258064516129032,0.29933481152993346,0.423861852433281,451
mood_1.0,0.0434412265758092,0.22270742358078602,0.07270135424091233,229,mood_1.0,0.016260162601626018,0.11764705882352941,0.02857142857142857,17,mood_1.0,0.0070921985815602835,0.0625,0.012738853503184714,16
mood_2.0,0.2838196286472148,0.09060118543607112,0.1373555840821566,1181,mood_2.0,0.2619047619047619,0.09401709401709402,0.13836477987421383,117,mood_2.0,0.13953488372093023,0.04225352112676056,0.06486486486486485,142
mood_3.0,0.08241516086381666,0.21643518518518517,0.11937440153207787,864,mood_3.0,0.09448818897637795,0.42105263157894735,0.15434083601286172,57,mood_3.0,0.0706713780918728,0.45454545454545453,0.12232415902140673,44
mood_accuracy,0.0,0.0,0.91316685584563,0,mood_accuracy,0.0,0.0,0.3282312925170068,0,mood_accuracy,0.0,0.0,0.33078101071975496,0
mood_macro avg,0.25640945422634864,0.20738614775369785,0.18318409668777064,5286,mood_macro avg,0.27067807127009974,0.23374594673461563,0.18632632825243522,588,mood_macro avg,0.23577622800181663,0.21465844680053714,0.15594743245568432,653
mood_weighted avg,0.42974322084185446,0.23609534619750283,0.28315547466826896,5286,mood_weighted avg,0.5411540778962562,0.26700680272108845,0.3296106187050535,588,mood_weighted avg,0.5365630612237962,0.24808575803981622,0.3154036614260542,653
0.0,0.9554597701149425,0.9392655367231638,0.9472934472934473,708,0.0,0.15584415584415584,0.2608695652173913,0.19512195121951217,46,0.0,0.18604651162790697,0.2807017543859649,0.22377622377622375,57
1.0,0.8034188034188035,0.912621359223301,0.8545454545454545,103,1.0,0.0,0.0,0.0,5,1.0,0.0,0.0,0.0,4
2.0,0.8661616161616161,0.875,0.8705583756345178,392,2.0,0.20454545454545456,0.20454545454545456,0.20454545454545456,44,2.0,0.08163265306122448,0.12121212121212122,0.0975609756097561,33
3.0,0.9015317286652079,0.9094922737306843,0.9054945054945055,906,3.0,0.22549019607843138,0.26744186046511625,0.24468085106382978,86,3.0,0.2743362831858407,0.3069306930693069,0.2897196261682243,101
4.0,0.9368888888888889,0.9302736098852604,0.9335695305580161,2266,4.0,0.608,0.4634146341463415,0.5259515570934257,328,4.0,0.6438848920863309,0.47989276139410186,0.5499231950844853,373
5.0,0.8775,0.8976982097186701,0.8874841972187104,391,5.0,0.06666666666666667,0.08823529411764706,0.0759493670886076,34,5.0,0.14285714285714285,0.175,0.15730337078651685,40
6.0,0.8908382066276803,0.8788461538461538,0.8848015488867376,520,6.0,0.14035087719298245,0.17777777777777778,0.15686274509803919,45,6.0,0.109375,0.15555555555555556,0.12844036697247707,45
accuracy,0.0,0.0,0.9160045402951191,0,accuracy,0.0,0.0,0.3520408163265306,0,accuracy,0.0,0.0,0.37366003062787134,0
macro avg,0.8902570019824486,0.9061710204467477,0.8976781513759127,5286,macro avg,0.2001281929039558,0.20889779803853262,0.20044456087269552,588,macro avg,0.20544749754549227,0.21704184080243577,0.20667482262824047,653
weighted avg,0.916547359698858,0.9160045402951191,0.916176793512444,5286,weighted avg,0.4142303472311687,0.3520408163265306,0.3761417953820662,588,weighted avg,0.44687858924665874,0.37366003062787134,0.40188321945649697,653
mood_0.0,0.6145975443383356,0.3063583815028902,0.4088949398683912,2941,mood_0.0,0.6094674556213018,0.2893258426966292,0.3923809523809524,356,mood_0.0,0.6881720430107527,0.30843373493975906,0.42595673876871887,415
mood_1.0,0.034071550255536626,0.17699115044247787,0.05714285714285714,226,mood_1.0,0.016260162601626018,0.09523809523809523,0.027777777777777776,21,mood_1.0,0.0070921985815602835,0.07142857142857142,0.012903225806451613,14
mood_2.0,0.3421750663129973,0.1,0.15476904619076187,1290,mood_2.0,0.42857142857142855,0.11842105263157894,0.18556701030927836,152,mood_2.0,0.23255813953488372,0.05813953488372093,0.09302325581395347,172
mood_3.0,0.0753635962979286,0.20627261761158022,0.11039380245319562,829,mood_3.0,0.09448818897637795,0.4067796610169492,0.15335463258785942,59,mood_3.0,0.08833922261484099,0.4807692307692308,0.14925373134328357,52
mood_accuracy,0.0,0.0,0.9160045402951191,0,mood_accuracy,0.0,0.0,0.3520408163265306,0,mood_accuracy,0.0,0.0,0.37366003062787134,0
mood_macro avg,0.2665519393011995,0.19740553738923708,0.18280016141380145,5286,mood_macro avg,0.28719680894268357,0.22744116289581315,0.189770093263967,588,mood_macro avg,0.25404040093550945,0.22969276800532057,0.17028423793310188,653
mood_weighted avg,0.43872754542783676,0.23477109345440786,0.28502512971755706,5286,mood_weighted avg,0.48984615290523975,0.25,0.3019133695079021,588,mood_weighted avg,0.5057952958737765,0.25114854517611024,0.3073719537215305,653
0.0,0.9626436781609196,0.9449929478138223,0.9537366548042704,709,0.0,0.15584415584415584,0.27906976744186046,0.19999999999999998,43,0.0,0.20930232558139536,0.2903225806451613,0.24324324324324326,62
1.0,0.8632478632478633,0.9099099099099099,0.8859649122807018,111,1.0,0.0,0.0,0.0,5,1.0,0.0,0.0,0.0,4
2.0,0.9090909090909091,0.9090909090909091,0.9090909090909091,396,2.0,0.1590909090909091,0.16666666666666666,0.1627906976744186,42,2.0,0.0,0.0,0.0,41
3.0,0.9168490153172867,0.9384098544232923,0.9275041505257333,893,3.0,0.20588235294117646,0.23863636363636365,0.2210526315789474,88,3.0,0.25663716814159293,0.2871287128712871,0.2710280373831776,101
4.0,0.9475555555555556,0.9425287356321839,0.9450354609929078,2262,4.0,0.552,0.4380952380952381,0.48849557522123893,315,4.0,0.564748201438849,0.4563953488372093,0.504823151125402,344
5.0,0.9,0.9090909090909091,0.9045226130653266,396,5.0,0.044444444444444446,0.04878048780487805,0.046511627906976744,41,5.0,0.16326530612244897,0.16326530612244897,0.16326530612244897,49
6.0,0.9200779727095516,0.9094412331406551,0.9147286821705426,519,6.0,0.15789473684210525,0.16666666666666666,0.16216216216216214,54,6.0,0.125,0.15384615384615385,0.13793103448275862,52
accuracy,0.0,0.0,0.9332198259553538,0,accuracy,0.0,0.0,0.32142857142857145,0,accuracy,0.0,0.0,0.33690658499234305,0
macro avg,0.9170664277260122,0.9233520713002402,0.9200833404186274,5286,macro avg,0.18216522845182734,0.19113074147309625,0.18300181350624914,588,macro avg,0.1884218573263266,0.19299401461746576,0.1886129674795758,653
weighted avg,0.9334794146458315,0.9332198259553538,0.9332970021803262,5286,weighted avg,0.3668865679483611,0.32142857142857145,0.3391661234301122,588,weighted avg,0.3792809792700022,0.33690658499234305,0.35419064416083273,653
mood_0.0,0.6132332878581174,0.32419761990623874,0.42415664071715026,2773,mood_0.0,0.6390532544378699,0.30422535211267604,0.4122137404580153,355,mood_0.0,0.6666666666666666,0.2980769230769231,0.4119601328903655,416
mood_1.0,0.051959114139693355,0.1942675159235669,0.08198924731182795,314,mood_1.0,0.04065040650406504,0.17857142857142858,0.06622516556291391,28,mood_1.0,0.02127659574468085,0.1111111111111111,0.03571428571428571,27
mood_2.0,0.3687002652519894,0.09713487071977638,0.15376106194690264,1431,mood_2.0,0.3333333333333333,0.09523809523809523,0.14814814814814814,147,mood_2.0,0.3023255813953488,0.08441558441558442,0.1319796954314721,154
mood_3.0,0.07227853680035258,0.21354166666666666,0.10800131708923279,768,mood_3.0,0.10236220472440945,0.4482758620689655,0.16666666666666666,58,mood_3.0,0.0989399293286219,0.5,0.16519174041297932,56
mood_accuracy,0.0,0.0,0.9332198259553538,0,mood_accuracy,0.0,0.0,0.32142857142857145,0,mood_accuracy,0.0,0.0,0.33690658499234305,0
mood_macro avg,0.2765428010125382,0.20728541830406214,0.1919770667662784,5286,mood_macro avg,0.2788497997499194,0.25657768449779134,0.198313430208936,588,mood_macro avg,0.27230219328382954,0.24840090465090464,0.18621146361227567,653
mood_weighted avg,0.4350985745192377,0.23893303064699206,0.28469695034716613,5286,mood_weighted avg,0.4811889873836282,0.2602040816326531,0.30550106622925416,588,mood_weighted avg,0.5053699494574674,0.2572741194486983,0.3092118094276437,653
0.0,0.9698275862068966,0.9520451339915373,0.9608540925266904,709,0.0,0.18181818181818182,0.2545454545454545,0.21212121212121213,55,0.0,0.20930232558139536,0.2647058823529412,0.2337662337662338,68
1.0,0.8888888888888888,0.9203539823008849,0.9043478260869564,113,1.0,0.0,0.0,0.0,3,1.0,0.0,0.0,0.0,3
2.0,0.8939393939393939,0.9053708439897699,0.8996188055908514,391,2.0,0.20454545454545456,0.16981132075471697,0.18556701030927836,53,2.0,0.0,0.0,0.0,45
3.0,0.9201312910284464,0.9262114537444934,0.9231613611416027,908,3.0,0.21568627450980393,0.27848101265822783,0.2430939226519337,79,3.0,0.26548672566371684,0.32967032967032966,0.29411764705882354,91
4.0,0.9466666666666667,0.9462461128387384,0.9464563430348811,2251,4.0,0.644,0.46264367816091956,0.5384615384615385,348,4.0,0.6258992805755396,0.4603174603174603,0.5304878048780487,378
5.0,0.9225,0.9044117647058824,0.9133663366336634,408,5.0,0.044444444444444446,0.0625,0.051948051948051945,32,5.0,0.16326530612244897,0.19047619047619047,0.1758241758241758,42
6.0,0.9103313840155945,0.9229249011857708,0.9165848871442591,506,6.0,0.017543859649122806,0.05555555555555555,0.02666666666666667,18,6.0,0.078125,0.19230769230769232,0.11111111111111112,26
accuracy,0.0,0.0,0.9345440786984487,0,accuracy,0.0,0.0,0.3554421768707483,0,accuracy,0.0,0.0,0.35987748851454826,0
macro avg,0.9217550301065554,0.925366313251011,0.9234842360227006,5286,macro avg,0.18686260213814396,0.18336243166783922,0.1796940574512402,588,macro avg,0.19172551970615723,0.20535393644637343,0.1921867103769133,653
weighted avg,0.9347362968838109,0.9345440786984487,0.9346078265730033,5286,weighted avg,0.44852064026035726,0.3554421768707483,0.39155287610461603,588,weighted avg,0.4347169541954516,0.35987748851454826,0.3881450295495613,653
mood_0.0,0.6180081855388813,0.33655274888558695,0.4357864357864358,2692,mood_0.0,0.6627218934911243,0.29473684210526313,0.40801457194899815,380,mood_0.0,0.7419354838709677,0.31363636363636366,0.44089456869009586,440
mood_1.0,0.05366269165247019,0.16535433070866143,0.08102893890675242,381,mood_1.0,0.032520325203252036,0.1,0.049079754601226995,40,mood_1.0,0.0425531914893617,0.16666666666666666,0.06779661016949153,36
mood_2.0,0.35013262599469497,0.09250175192711983,0.14634146341463417,1427,mood_2.0,0.30952380952380953,0.0948905109489051,0.14525139664804468,137,mood_2.0,0.3023255813953488,0.09558823529411764,0.14525139664804468,136
mood_3.0,0.0740414279418246,0.21374045801526717,0.1099836333878887,786,mood_3.0,0.047244094488188976,0.3870967741935484,0.08421052631578947,31,mood_3.0,0.08833922261484099,0.6097560975609756,0.154320987654321,41
mood_accuracy,0.0,0.0,0.9345440786984487,0,mood_accuracy,0.0,0.0,0.3554421768707483,0,mood_accuracy,0.0,0.0,0.35987748851454826,0
mood_macro avg,0.27396123278196777,0.20203732238415886,0.19328511787392777,5286,mood_macro avg,0.2630025306765937,0.21918103181192916,0.17163906237851484,588,mood_macro avg,0.2937883698426298,0.29641184078953087,0.20206589079048826,653
mood_weighted avg,0.4241315438227324,0.24006810442678775,0.283633279416595,5286,mood_weighted avg,0.5051096281779814,0.23979591836734693,0.30530390336945573,588,mood_weighted avg,0.5707836370502584,0.2787136294027565,0.34075901780659285,653
0.0,0.9597701149425287,0.9515669515669516,0.955650929899857,702,0.0,0.15584415584415584,0.2222222222222222,0.183206106870229,54,0.0,0.18604651162790697,0.23880597014925373,0.2091503267973856,67
1.0,0.8717948717948718,0.9357798165137615,0.9026548672566371,109,1.0,0.0,0.0,0.0,4,1.0,0.0,0.0,0.0,5
2.0,0.9040404040404041,0.9086294416243654,0.9063291139240507,394,2.0,0.13636363636363635,0.1875,0.15789473684210525,32,2.0,0.0,0.0,0.0,28
3.0,0.9234135667396062,0.9336283185840708,0.9284928492849285,904,3.0,0.2549019607843137,0.2653061224489796,0.25999999999999995,98,3.0,0.3008849557522124,0.2786885245901639,0.28936170212765955,122
4.0,0.9564444444444444,0.9463500439753738,0.9513704686118479,2274,4.0,0.54,0.45918367346938777,0.4963235294117648,294,4.0,0.5251798561151079,0.4520123839009288,0.4858569051580699,323
5.0,0.92,0.934010152284264,0.9269521410579346,394,5.0,0.06666666666666667,0.07142857142857142,0.0689655172413793,42,5.0,0.20408163265306123,0.19607843137254902,0.2,51
6.0,0.9064327485380117,0.9135559921414538,0.9099804305283757,509,6.0,0.14035087719298245,0.125,0.1322314049586777,64,6.0,0.140625,0.15789473684210525,0.1487603305785124,57
accuracy,0.0,0.0,0.9377601210745365,0,accuracy,0.0,0.0,0.3231292517006803,0,accuracy,0.0,0.0,0.32924961715160794,0
macro avg,0.9202708786428381,0.9319315309557487,0.9259186857948044,5286,macro avg,0.18487532812167928,0.19009151279559441,0.18551732790345082,588,macro avg,0.19383113659261264,0.18906857812214298,0.1904470378088039,653
weighted avg,0.9380535340356289,0.9377601210745365,0.9378590935110549,5286,weighted avg,0.35425521951774563,0.3231292517006803,0.33623170176614264,588,weighted avg,0.3632924390066243,0.32924961715160794,0.3444507178622222,653
mood_0.0,0.6364256480218281,0.3280590717299578,0.43294663573085845,2844,mood_0.0,0.5443786982248521,0.2884012539184953,0.3770491803278688,319,mood_0.0,0.6021505376344086,0.3181818181818182,0.41635687732342,352
mood_1.0,0.04770017035775128,0.18241042345276873,0.07562457798784605,307,mood_1.0,0.008130081300813009,0.045454545454545456,0.013793103448275864,22,mood_1.0,0.028368794326241134,0.16,0.048192771084337345,25
mood_2.0,0.35809018567639256,0.09670487106017192,0.15228426395939085,1396,mood_2.0,0.4523809523809524,0.0979381443298969,0.16101694915254236,194,mood_2.0,0.4186046511627907,0.08108108108108109,0.13584905660377358,222
mood_3.0,0.06302335830762451,0.19350473612990526,0.09507978723404256,739,mood_3.0,0.09448818897637795,0.4528301886792453,0.15635179153094464,53,mood_3.0,0.0989399293286219,0.5185185185185185,0.16617210682492578,54
mood_accuracy,0.0,0.0,0.9377601210745365,0,mood_accuracy,0.0,0.0,0.3231292517006803,0,mood_accuracy,0.0,0.0,0.32924961715160794,0
mood_macro avg,0.27630984059089914,0.20016977559320093,0.18898381622803448,5286,mood_macro avg,0.27484448022074887,0.22115603309554574,0.17705275611490795,588,mood_macro avg,0.2870159781130156,0.26944535444535445,0.19164270295911418,653
mood_weighted avg,0.4485634991047082,0.23968974650018918,0.2908380198097044,5286,mood_weighted avg,0.45341062125850085,0.23129251700680273,0.27228923450201614,588,mood_weighted avg,0.4761702876682281,0.24808575803981622,0.28620861321521596,653
0.0,0.9669540229885057,0.9655667144906743,0.9662598707824838,697,0.0,0.12987012987012986,0.2222222222222222,0.16393442622950818,45,0.0,0.18604651162790697,0.25396825396825395,0.21476510067114093,63
1.0,0.9230769230769231,0.9310344827586207,0.927038626609442,116,1.0,0.0,0.0,0.0,4,1.0,0.0,0.0,0.0,4
2.0,0.9065656565656566,0.9181585677749361,0.9123252858958069,391,2.0,0.18181818181818182,0.20512820512820512,0.1927710843373494,39,2.0,0.0,0.0,0.0,38
3.0,0.9387308533916849,0.9387308533916849,0.9387308533916849,914,3.0,0.27450980392156865,0.24778761061946902,0.2604651162790697,113,3.0,0.35398230088495575,0.273972602739726,0.3088803088803089,146
4.0,0.9604444444444444,0.9553492484526968,0.9578900709219857,2262,4.0,0.52,0.4513888888888889,0.483271375464684,288,4.0,0.5143884892086331,0.46885245901639344,0.49056603773584906,305
5.0,0.9375,0.946969696969697,0.9422110552763819,396,5.0,0.06666666666666667,0.07894736842105263,0.07228915662650602,38,5.0,0.1836734693877551,0.1956521739130435,0.18947368421052632,46
6.0,0.9200779727095516,0.9254901960784314,0.9227761485826002,510,6.0,0.15789473684210525,0.14754098360655737,0.15254237288135591,61,6.0,0.125,0.1568627450980392,0.1391304347826087,51
accuracy,0.0,0.0,0.9470298902762013,0,accuracy,0.0,0.0,0.3197278911564626,0,accuracy,0.0,0.0,0.33078101071975496,0
macro avg,0.9361928390252524,0.940185679988106,0.9381759873514837,5286,macro avg,0.19010850273123606,0.19328789698377075,0.1893247902597819,588,macro avg,0.19472725301560725,0.1927583192479223,0.1918307951829191,653
weighted avg,0.9471294264533274,0.9470298902762013,0.9470710464433318,5286,weighted avg,0.35013534873963253,0.3197278911564626,0.3325882796605753,588,weighted avg,0.36005331540923663,0.33078101071975496,0.3431252826888793,653
mood_0.0,0.6077762619372442,0.33686200378071834,0.4334711748966188,2645,mood_0.0,0.6390532544378699,0.2958904109589041,0.40449438202247195,365,mood_0.0,0.7043010752688172,0.31116389548693585,0.4316309719934103,421
mood_1.0,0.046848381601362864,0.15759312320916904,0.072225869993434,349,mood_1.0,0.056910569105691054,0.175,0.08588957055214723,40,mood_1.0,0.03546099290780142,0.16129032258064516,0.058139534883720936,31
mood_2.0,0.35809018567639256,0.08737864077669903,0.14047866805411033,1545,mood_2.0,0.3333333333333333,0.10526315789473684,0.16,133,mood_2.0,0.3023255813953488,0.09027777777777778,0.13903743315508021,144
mood_3.0,0.0639048038783605,0.19410977242302543,0.09615384615384616,747,mood_3.0,0.10236220472440945,0.52,0.17105263157894737,50,mood_3.0,0.09540636042402827,0.47368421052631576,0.15882352941176472,57
mood_accuracy,0.0,0.0,0.9470298902762013,0,mood_accuracy,0.0,0.0,0.3197278911564626,0,mood_accuracy,0.0,0.0,0.33078101071975496,0
mood_macro avg,0.26915490827334004,0.19398588504740294,0.18558238977450234,5286,mood_macro avg,0.28291484040032594,0.27403839221341025,0.20535914603839164,588,mood_macro avg,0.28437350249899895,0.25910405159291866,0.19690786736099403,653
mood_weighted avg,0.4209051311710269,0.23193340900491866,0.2763156548334826,5286,mood_weighted avg,0.48466378265919036,0.26360544217687076,0.3076677956449584,588,mood_weighted avg,0.5307551144462691,0.26952526799387444,0.3255640066484276,653
0.0,0.9640804597701149,0.9640804597701149,0.9640804597701149,696,0.0,0.22077922077922077,0.23943661971830985,0.22972972972972974,71,0.0,0.22093023255813954,0.24050632911392406,0.23030303030303031,79
1.0,0.9230769230769231,0.9310344827586207,0.927038626609442,116,1.0,0.0,0.0,0.0,4,1.0,0.0,0.0,0.0,3
2.0,0.9141414141414141,0.9141414141414141,0.9141414141414141,396,2.0,0.11363636363636363,0.16666666666666666,0.13513513513513511,30,2.0,0.0,0.0,0.0,27
3.0,0.9310722100656456,0.9392935982339956,0.9351648351648352,906,3.0,0.2549019607843137,0.24299065420560748,0.24880382775119614,107,3.0,0.336283185840708,0.2753623188405797,0.302788844621514,138
4.0,0.9573333333333334,0.9505736981465137,0.9539415411868912,2266,4.0,0.476,0.4594594594594595,0.4675834970530452,259,4.0,0.45323741007194246,0.43902439024390244,0.44601769911504424,287
5.0,0.9125,0.9431524547803618,0.9275730622617535,387,5.0,0.13333333333333333,0.11764705882352941,0.125,51,5.0,0.22448979591836735,0.16666666666666666,0.19130434782608696,66
6.0,0.935672514619883,0.9248554913294798,0.9302325581395349,519,6.0,0.17543859649122806,0.15151515151515152,0.1626016260162602,66,6.0,0.109375,0.1320754716981132,0.11965811965811966,53
accuracy,0.0,0.0,0.944192205826712,0,accuracy,0.0,0.0,0.3112244897959184,0,accuracy,0.0,0.0,0.30781010719754975,0
macro avg,0.9339824078581876,0.9381616570229286,0.9360246424677123,5286,macro avg,0.19629849643206562,0.1968165157698178,0.1955505450979095,588,macro avg,0.19204508919845106,0.1790907395090266,0.18429600593197074,653
weighted avg,0.9443241040138953,0.944192205826712,0.9442279278178678,5286,weighted avg,0.3197650897223779,0.3112244897959184,0.31496208756471894,588,weighted avg,0.3285649406422212,0.30781010719754975,0.31692779004001237,653
mood_0.0,0.6425648021828103,0.3335694050991501,0.43916083916083914,2824,mood_0.0,0.6745562130177515,0.3007915567282322,0.416058394160584,379,mood_0.0,0.6881720430107527,0.3137254901960784,0.430976430976431,408
mood_1.0,0.06047700170357751,0.2268370607028754,0.09549428379287156,313,mood_1.0,0.008130081300813009,0.09090909090909091,0.01492537313432836,11,mood_1.0,0.0,0.0,0.0,6
mood_2.0,0.4244031830238727,0.10862186014935506,0.17297297297297298,1473,mood_2.0,0.38095238095238093,0.09248554913294797,0.14883720930232555,173,mood_2.0,0.4186046511627907,0.08372093023255814,0.13953488372093023,215
mood_3.0,0.05685323931247246,0.1908284023668639,0.08760611205432937,676,mood_3.0,0.03937007874015748,0.4,0.07168458781362007,25,mood_3.0,0.0353356890459364,0.4166666666666667,0.06514657980456026,24
mood_accuracy,0.0,0.0,0.944192205826712,0,mood_accuracy,0.0,0.0,0.3112244897959184,0,mood_accuracy,0.0,0.0,0.30781010719754975,0
mood_macro avg,0.29607455655568327,0.21496418207956114,0.19880855199525324,5286,mood_macro avg,0.2757521885027757,0.22104654919256778,0.16287639110271449,588,mood_macro avg,0.28552809580487,0.20352827177382582,0.1589144736254804,653
mood_weighted avg,0.4724008666793174,0.246311010215664,0.2996766631773164,5286,mood_weighted avg,0.5486994039137799,0.23979591836734693,0.3152912625782003,588,mood_weighted avg,0.5690999235612398,0.23889739663093415,0.31761393836706475,653
0.0,0.9640804597701149,0.9626972740315638,0.9633883704235462,697,0.0,0.2077922077922078,0.24242424242424243,0.22377622377622378,66,0.0,0.2441860465116279,0.24705882352941178,0.24561403508771928,85
1.0,0.9145299145299145,0.9224137931034483,0.9184549356223175,116,1.0,0.0,0.0,0.0,4,1.0,0.0,0.0,0.0,4
2.0,0.9116161616161617,0.9328165374677002,0.9220945083014049,387,2.0,0.22727272727272727,0.14925373134328357,0.18018018018018017,67,2.0,0.061224489795918366,0.047619047619047616,0.053571428571428575,63
3.0,0.9420131291028446,0.9399563318777293,0.9409836065573771,916,3.0,0.17647058823529413,0.2465753424657534,0.2057142857142857,73,3.0,0.24778761061946902,0.345679012345679,0.288659793814433,81
4.0,0.9617777777777777,0.9545655050727834,0.9581580695151649,2267,4.0,0.56,0.46357615894039733,0.5072463768115942,302,4.0,0.5683453237410072,0.46607669616519176,0.5121555915721232,339
5.0,0.9375,0.9422110552763819,0.9398496240601504,398,5.0,0.06666666666666667,0.08108108108108109,0.07317073170731708,37,5.0,0.1836734693877551,0.17307692307692307,0.1782178217821782,52
6.0,0.9259259259259259,0.9405940594059405,0.9332023575638506,505,6.0,0.10526315789473684,0.15384615384615385,0.125,39,6.0,0.09375,0.20689655172413793,0.12903225806451615,29
accuracy,0.0,0.0,0.9485433219825955,0,accuracy,0.0,0.0,0.3282312925170068,0,accuracy,0.0,0.0,0.3445635528330781,0
macro avg,0.9367776241032484,0.9421792223193639,0.939447353149116,5286,macro avg,0.19192362112309042,0.19096524430013023,0.18786968545565733,588,macro avg,0.19985242000796824,0.21234386492291304,0.20103584698462834,653
weighted avg,0.9486940685137563,0.9485433219825955,0.9485973722234514,5286,weighted avg,0.3699249000124087,0.3282312925170068,0.34460742953863593,588,weighted avg,0.38227042638158176,0.3445635528330781,0.35874983773494523,653
mood_0.0,0.6336971350613916,0.32665260196905765,0.4310904872389791,2844,mood_0.0,0.5798816568047337,0.2934131736526946,0.38966202783300197,334,mood_0.0,0.6612903225806451,0.3236842105263158,0.43462897526501765,380
mood_1.0,0.05792163543441227,0.20298507462686566,0.09012591119946986,335,mood_1.0,0.032520325203252036,0.16,0.05405405405405406,25,mood_1.0,0.03546099290780142,0.17857142857142858,0.0591715976331361,28
mood_2.0,0.4509283819628647,0.11691884456671252,0.18569087930092848,1454,mood_2.0,0.40476190476190477,0.09289617486338798,0.15111111111111114,183,mood_2.0,0.32558139534883723,0.07368421052631578,0.12017167381974247,190
mood_3.0,0.06081974438078449,0.2113323124042879,0.09445585215605751,653,mood_3.0,0.08661417322834646,0.4782608695652174,0.14666666666666667,46,mood_3.0,0.09187279151943463,0.4727272727272727,0.15384615384615383,55
mood_accuracy,0.0,0.0,0.9485433219825955,0,mood_accuracy,0.0,0.0,0.3282312925170068,0,mood_accuracy,0.0,0.0,0.3445635528330781,0
mood_macro avg,0.30084172420986327,0.21447220839173092,0.20034078247385873,5286,mood_macro avg,0.27594451499955924,0.25614255452032497,0.18537346491620849,588,mood_macro avg,0.2785513755891796,0.2621667805878332,0.19195460014101254,653
mood_weighted avg,0.4761641241845977,0.24687854710556187,0.30039495571716507,5286,mood_weighted avg,0.46351898306597766,0.23979591836734693,0.2821402528019966,588,mood_weighted avg,0.4888157718712276,0.2572741194486983,0.30338433663357434,653
0.0,0.9755747126436781,0.9631205673758865,0.9693076374018559,705,0.0,0.18181818181818182,0.28,0.22047244094488191,50,0.0,0.18604651162790697,0.22535211267605634,0.2038216560509554,71
1.0,0.9230769230769231,0.9152542372881356,0.9191489361702128,118,1.0,0.0,0.0,0.0,6,1.0,0.0,0.0,0.0,5
2.0,0.9141414141414141,0.9187817258883249,0.9164556962025315,394,2.0,0.13636363636363635,0.24,0.17391304347826086,25,2.0,0.0,0.0,0.0,27
3.0,0.9540481400437637,0.9550930996714129,0.9545703338806787,913,3.0,0.2549019607843137,0.2826086956521739,0.26804123711340205,92,3.0,0.2920353982300885,0.32038834951456313,0.3055555555555555,103
4.0,0.9613333333333334,0.9617607825700312,0.9615470104467659,2249,4.0,0.612,0.46932515337423314,0.53125,326,4.0,0.5719424460431655,0.447887323943662,0.5023696682464455,355
5.0,0.925,0.9487179487179487,0.9367088607594937,390,5.0,0.08888888888888889,0.08695652173913043,0.0879120879120879,46,5.0,0.22448979591836735,0.2037037037037037,0.21359223300970873,54
6.0,0.9395711500974658,0.9323017408123792,0.9359223300970874,517,6.0,0.12280701754385964,0.16279069767441862,0.13999999999999999,43,6.0,0.078125,0.13157894736842105,0.09803921568627451,38
accuracy,0.0,0.0,0.9527052591751797,0,accuracy,0.0,0.0,0.35714285714285715,0,accuracy,0.0,0.0,0.3430321592649311,0
macro avg,0.9418208104766539,0.9421471574748742,0.9419515435655178,5286,macro avg,0.19953995505698288,0.21738300977713657,0.20308411563551895,588,macro avg,0.19323416454564693,0.18984434817234375,0.1890540469355628,653
weighted avg,0.9527937702678019,0.9527052591751797,0.9527308446508559,5286,weighted avg,0.4163819235296458,0.35714285714285715,0.3797324795792341,588,weighted avg,0.4003364711610966,0.3430321592649311,0.3668365433505833,653
mood_0.0,0.6077762619372442,0.3268525311812179,0.42509541984732824,2726,mood_0.0,0.5562130177514792,0.29375,0.3844580777096115,320,mood_0.0,0.5967741935483871,0.3135593220338983,0.4111111111111111,354
mood_1.0,0.059625212947189095,0.208955223880597,0.0927766732935719,335,mood_1.0,0.032520325203252036,0.14814814814814814,0.05333333333333334,27,mood_1.0,0.04964539007092199,0.25925925925925924,0.08333333333333334,27
mood_2.0,0.46153846153846156,0.11284046692607004,0.1813444502344971,1542,mood_2.0,0.42857142857142855,0.09326424870466321,0.15319148936170215,193,mood_2.0,0.3953488372093023,0.07727272727272727,0.12927756653992395,220
mood_3.0,0.06081974438078449,0.2020497803806735,0.0934959349593496,683,mood_3.0,0.07874015748031496,0.4166666666666667,0.1324503311258278,48,mood_3.0,0.08480565371024736,0.46153846153846156,0.14328358208955222,52
mood_accuracy,0.0,0.0,0.9527052591751797,0,mood_accuracy,0.0,0.0,0.35714285714285715,0,mood_accuracy,0.0,0.0,0.3430321592649311,0
mood_macro avg,0.29743992020091986,0.2126745005921396,0.1981781195836867,5286,mood_macro avg,0.2740112322516187,0.23795726587986954,0.1808583078826187,588,mood_macro avg,0.28164351863471465,0.27790744252608657,0.19175139826848014,653
mood_weighted avg,0.459705775535872,0.24082482027998486,0.29008345930684704,5286,mood_weighted avg,0.45129256417398295,0.23129251700680273,0.2727723779046325,588,mood_weighted avg,0.4655208701792087,0.2434915773353752,0.28127893451879526,653
0.0,0.9683908045977011,0.9656160458452722,0.9670014347202295,698,0.0,0.2077922077922078,0.2711864406779661,0.23529411764705882,59,0.0,0.22093023255813954,0.24358974358974358,0.23170731707317077,78
1.0,0.9487179487179487,0.9327731092436975,0.9406779661016949,119,1.0,0.0,0.0,0.0,4,1.0,0.0,0.0,0.0,5
2.0,0.9015151515151515,0.9272727272727272,0.914212548015365,385,2.0,0.22727272727272727,0.1388888888888889,0.1724137931034483,72,2.0,0.04081632653061224,0.03125,0.035398230088495575,64
3.0,0.9551422319474836,0.9520174482006543,0.9535772801747678,917,3.0,0.23529411764705882,0.2553191489361702,0.24489795918367344,94,3.0,0.30973451327433627,0.3153153153153153,0.3125,111
4.0,0.9604444444444444,0.9617267467734757,0.9610851678897041,2247,4.0,0.468,0.4717741935483871,0.46987951807228917,248,4.0,0.4676258992805755,0.46099290780141844,0.46428571428571425,282
5.0,0.945,0.9379652605459057,0.9414694894146948,403,5.0,0.06666666666666667,0.061224489795918366,0.06382978723404255,49,5.0,0.1836734693877551,0.14285714285714285,0.1607142857142857,63
6.0,0.9278752436647173,0.9206963249516441,0.9242718446601942,517,6.0,0.17543859649122806,0.16129032258064516,0.16806722689075632,62,6.0,0.109375,0.14,0.12280701754385966,50
accuracy,0.0,0.0,0.9515701853953841,0,accuracy,0.0,0.0,0.30612244897959184,0,accuracy,0.0,0.0,0.3093415007656968,0
macro avg,0.9438694035553495,0.9425810946904823,0.9431851044252358,5286,macro avg,0.19720918798141263,0.19424049777542512,0.19348320030446695,588,macro avg,0.19030792014734552,0.19057215850908862,0.18963036638650368,653
weighted avg,0.9516549650354016,0.9515701853953841,0.9515945888154762,5286,weighted avg,0.3077361961417057,0.30612244897959184,0.3050926910399876,588,weighted avg,0.31108118863628836,0.3093415007656968,0.30967852949944175,653
mood_0.0,0.650068212824011,0.34329971181556196,0.4493163602074493,2776,mood_0.0,0.6035502958579881,0.3026706231454006,0.4031620553359684,337,mood_0.0,0.6505376344086021,0.3055555555555556,0.41580756013745707,396
mood_1.0,0.04258943781942078,0.16181229773462782,0.06743088334457181,309,mood_1.0,0.024390243902439025,0.125,0.04081632653061225,24,mood_1.0,0.02127659574468085,0.15,0.037267080745341616,20
mood_2.0,0.38726790450928383,0.09938733832539143,0.1581798483206934,1469,mood_2.0,0.35714285714285715,0.09316770186335403,0.1477832512315271,161,mood_2.0,0.3023255813953488,0.07878787878787878,0.12499999999999999,165
mood_3.0,0.07668576465403261,0.23770491803278687,0.11596134621792736,732,mood_3.0,0.1062992125984252,0.4090909090909091,0.16875,66,mood_3.0,0.127208480565371,0.5,0.20281690140845068,72
mood_accuracy,0.0,0.0,0.9515701853953841,0,mood_accuracy,0.0,0.0,0.30612244897959184,0,mood_accuracy,0.0,0.0,0.3093415007656968,0
mood_macro avg,0.28915282995168706,0.21055106647709199,0.19772210952266045,5286,mood_macro avg,0.2728456523754274,0.23248230852491591,0.1901279082745269,588,mood_macro avg,0.2753370730285007,0.2585858585858586,0.19522288557281234,653
mood_weighted avg,0.4621225929883741,0.25028376844494893,0.2999221077381713,5286,mood_weighted avg,0.4566285095056065,0.25,0.29213572777760527,588,mood_weighted avg,0.4855760592214997,0.2649310872894334,0.30724801275765434,653
0.0,0.9727011494252874,0.9657631954350927,0.9692197566213315,701,0.0,0.18181818181818182,0.28,0.22047244094488191,50,0.0,0.19767441860465115,0.25,0.22077922077922077,68
1.0,0.9230769230769231,0.9557522123893806,0.9391304347826088,113,1.0,0.0,0.0,0.0,3,1.0,0.0,0.0,0.0,4
2.0,0.9292929292929293,0.9108910891089109,0.9199999999999999,404,2.0,0.20454545454545456,0.23076923076923078,0.2168674698795181,39,2.0,0.02040816326530612,0.025,0.022471910112359546,40
3.0,0.9409190371991247,0.9492273730684326,0.9450549450549451,906,3.0,0.2647058823529412,0.24770642201834864,0.2559241706161137,109,3.0,0.3274336283185841,0.29133858267716534,0.30833333333333335,127
4.0,0.9631111111111111,0.9609756097560975,0.9620421753607105,2255,4.0,0.548,0.4597315436241611,0.5,298,4.0,0.5179856115107914,0.45569620253164556,0.48484848484848486,316
5.0,0.93,0.9417721518987342,0.9358490566037736,395,5.0,0.06666666666666667,0.06521739130434782,0.06593406593406594,46,5.0,0.20408163265306123,0.16129032258064516,0.1801801801801802,62
6.0,0.9395711500974658,0.94140625,0.9404878048780487,512,6.0,0.15789473684210525,0.20930232558139536,0.18,43,6.0,0.078125,0.1388888888888889,0.09999999999999999,36
accuracy,0.0,0.0,0.9523269012485811,0,accuracy,0.0,0.0,0.33843537414965985,0,accuracy,0.0,0.0,0.327718223583461,0
macro avg,0.9426674714575487,0.9465411259509497,0.9445405961859168,5286,macro avg,0.2033758460321928,0.21324670189964054,0.20559973533922565,588,macro avg,0.19224406490748483,0.18888771381119215,0.1880875898933684,653
weighted avg,0.9523844444943298,0.9523269012485811,0.9523344320159329,5286,weighted avg,0.37258718256042445,0.33843537414965985,0.3522961819773278,588,weighted avg,0.35986412290059505,0.327718223583461,0.3415826786127215,653
mood_0.0,0.6241473396998636,0.3378877400295421,0.43842836607570673,2708,mood_0.0,0.6982248520710059,0.2935323383084577,0.4133099824868651,402,mood_0.0,0.7473118279569892,0.3210161662817552,0.44911147011308566,433
mood_1.0,0.04514480408858603,0.1815068493150685,0.0723055934515689,292,mood_1.0,0.016260162601626018,0.25,0.030534351145038174,8,mood_1.0,0.0,0.0,0.0,5
mood_2.0,0.376657824933687,0.08760024676125848,0.14214214214214213,1621,mood_2.0,0.30952380952380953,0.08666666666666667,0.13541666666666669,150,mood_2.0,0.3953488372093023,0.08900523560209424,0.1452991452991453,191
mood_3.0,0.04759806081974438,0.162406015037594,0.07361963190184048,665,mood_3.0,0.03937007874015748,0.35714285714285715,0.07092198581560284,28,mood_3.0,0.04240282685512368,0.5,0.07817589576547232,24
mood_accuracy,0.0,0.0,0.9523269012485811,0,mood_accuracy,0.0,0.0,0.33843537414965985,0,mood_accuracy,0.0,0.0,0.327718223583461,0
mood_macro avg,0.2733870073854702,0.19235021278586575,0.18162393339281457,5286,mood_macro avg,0.26584472573414974,0.24683546552949537,0.1625457465285432,588,mood_macro avg,0.29626587300535384,0.22750535047096238,0.16814662779442582,653
mood_weighted avg,0.4437359673408503,0.2304199772985244,0.2814503814317079,5286,mood_weighted avg,0.5584139548752606,0.24319727891156462,0.320906808455301,588,mood_weighted avg,0.6127340233642818,0.2572741194486983,0.34317553569597886,653
0.0,0.9655172413793104,0.9655172413793104,0.9655172413793104,696,0.0,0.18181818181818182,0.24561403508771928,0.208955223880597,57,0.0,0.20930232558139536,0.24,0.2236024844720497,75
1.0,0.9401709401709402,0.9243697478991597,0.9322033898305084,119,1.0,0.0,0.0,0.0,3,1.0,0.0,0.0,0.0,4
2.0,0.9191919191919192,0.9454545454545454,0.9321382842509603,385,2.0,0.20454545454545456,0.17307692307692307,0.18750000000000003,52,2.0,0.04081632653061224,0.041666666666666664,0.041237113402061855,48
3.0,0.9529540481400438,0.9581958195819582,0.9555677454744925,909,3.0,0.20588235294117646,0.21649484536082475,0.21105527638190955,97,3.0,0.336283185840708,0.3486238532110092,0.3423423423423424,109
4.0,0.9711111111111111,0.9604395604395605,0.9657458563535911,2275,4.0,0.5,0.44642857142857145,0.47169811320754723,280,4.0,0.5323741007194245,0.46984126984126984,0.4991568296795953,315
5.0,0.9325,0.9564102564102565,0.9443037974683545,390,5.0,0.06666666666666667,0.05357142857142857,0.05940594059405941,56,5.0,0.22448979591836735,0.16417910447761194,0.18965517241379312,67
6.0,0.9415204678362573,0.943359375,0.9424390243902439,512,6.0,0.14035087719298245,0.18604651162790697,0.15999999999999998,43,6.0,0.09375,0.17142857142857143,0.1212121212121212,35
accuracy,0.0,0.0,0.9568671963677639,0,accuracy,0.0,0.0,0.30612244897959184,0,accuracy,0.0,0.0,0.34150076569678406,0
macro avg,0.9461379611185118,0.9505352208806844,0.9482736198782087,5286,macro avg,0.18560907616635172,0.18874747359333918,0.18551636486630188,588,macro avg,0.2052879620843582,0.205105637946447,0.2024580090745662,653
weighted avg,0.9570593488154507,0.9568671963677639,0.9569231192144623,5286,weighted avg,0.32438607021756066,0.30612244897959184,0.3136309760911901,588,weighted avg,0.36804231761387524,0.34150076569678406,0.35260123313512853,653
mood_0.0,0.6514324693042292,0.3419262441818833,0.44846208030054,2793,mood_0.0,0.6035502958579881,0.3119266055045872,0.4112903225806452,327,mood_0.0,0.6075268817204301,0.31129476584022037,0.41165755919854274,363
mood_1.0,0.06303236797274275,0.27205882352941174,0.10235131396957121,272,mood_1.0,0.032520325203252036,0.26666666666666666,0.057971014492753624,15,mood_1.0,0.014184397163120567,0.14285714285714285,0.025806451612903226,14
mood_2.0,0.4403183023872679,0.10539682539682539,0.17008196721311475,1575,mood_2.0,0.47619047619047616,0.09900990099009901,0.1639344262295082,202,mood_2.0,0.3953488372093023,0.07456140350877193,0.12546125461254612,228
mood_3.0,0.048038783605112385,0.16873065015479877,0.07478559176672385,646,mood_3.0,0.08267716535433071,0.4772727272727273,0.14093959731543626,44,mood_3.0,0.07420494699646643,0.4375,0.12688821752265864,48
mood_accuracy,0.0,0.0,0.9568671963677639,0,mood_accuracy,0.0,0.0,0.30612244897959184,0,mood_accuracy,0.0,0.0,0.34150076569678406,0
mood_macro avg,0.30070548081733806,0.22202813581572978,0.19892023831248745,5286,mood_macro avg,0.29873456565151174,0.28871897510852007,0.19353384015458583,588,mood_macro avg,0.27281626577232987,0.2415533280515338,0.1724533707366627,653
mood_weighted avg,0.4845119317677162,0.24668936814226258,0.302040245615038,5286,mood_weighted avg,0.5062534406287035,0.25,0.297070743335888,588,mood_weighted avg,0.48151946702044585,0.2343032159264931,0.28252493844471643,653
0.0,0.9698275862068966,0.9684361549497847,0.9691313711414213,697,0.0,0.23376623376623376,0.2571428571428571,0.24489795918367346,70,0.0,0.22093023255813954,0.23170731707317074,0.22619047619047616,82
1.0,0.9401709401709402,0.9565217391304348,0.9482758620689655,115,1.0,0.0,0.0,0.0,3,1.0,0.0,0.0,0.0,3
2.0,0.9292929292929293,0.9292929292929293,0.9292929292929293,396,2.0,0.13636363636363635,0.16216216216216217,0.14814814814814814,37,2.0,0.0,0.0,0.0,26
3.0,0.9540481400437637,0.9519650655021834,0.9530054644808744,916,3.0,0.20588235294117646,0.25,0.22580645161290322,84,3.0,0.3008849557522124,0.3333333333333333,0.31627906976744186,102
4.0,0.9662222222222222,0.9692376281765492,0.9677275762296905,2243,4.0,0.592,0.4713375796178344,0.524822695035461,314,4.0,0.564748201438849,0.45507246376811594,0.5040128410914928,345
5.0,0.95,0.95,0.9500000000000001,400,5.0,0.06666666666666667,0.06521739130434782,0.06593406593406594,46,5.0,0.22448979591836735,0.18032786885245902,0.2,61
6.0,0.949317738791423,0.9383429672447013,0.943798449612403,519,6.0,0.10526315789473684,0.17647058823529413,0.13186813186813184,34,6.0,0.078125,0.14705882352941177,0.10204081632653061,34
accuracy,0.0,0.0,0.9583806280741581,0,accuracy,0.0,0.0,0.3435374149659864,0,accuracy,0.0,0.0,0.3460949464012251,0
macro avg,0.9512685081040251,0.9519709263280834,0.9516045218323264,5286,macro avg,0.19142029251892145,0.19747579692321368,0.19163963596891193,588,macro avg,0.19845402652393831,0.19249997236521296,0.1926461719108488,653
weighted avg,0.9583673728458466,0.9583806280741581,0.9583680749375737,5286,weighted avg,0.39325990236605,0.3435374149659864,0.36378042570993324,588,weighted avg,0.3981543669278965,0.3460949464012251,0.36808867089673075,653
mood_0.0,0.6527967257844475,0.3472423802612482,0.45333964945523453,2756,mood_0.0,0.6627218934911243,0.30601092896174864,0.41869158878504675,366,mood_0.0,0.6935483870967742,0.3233082706766917,0.441025641025641,399
mood_1.0,0.05366269165247019,0.22183098591549297,0.08641975308641975,284,mood_1.0,0.008130081300813009,0.09090909090909091,0.01492537313432836,11,mood_1.0,0.014184397163120567,0.25,0.026845637583892613,8
mood_2.0,0.4588859416445623,0.11118251928020566,0.17899637868598034,1556,mood_2.0,0.4523809523809524,0.10382513661202186,0.16888888888888887,183,mood_2.0,0.4418604651162791,0.08558558558558559,0.14339622641509434,222
mood_3.0,0.055531070956368445,0.1826086956521739,0.08516390672524503,690,mood_3.0,0.047244094488188976,0.42857142857142855,0.08510638297872342,28,mood_3.0,0.05653710247349823,0.6666666666666666,0.10423452768729642,24
mood_accuracy,0.0,0.0,0.9583806280741581,0,mood_accuracy,0.0,0.0,0.3435374149659864,0,mood_accuracy,0.0,0.0,0.3460949464012251,0
mood_macro avg,0.30521910750946213,0.21571614527728017,0.2009799219882199,5286,mood_macro avg,0.2926192554152697,0.23232914626357248,0.17190305844674683,588,mood_macro avg,0.301532587962418,0.331390130732236,0.17887550817798112,653
mood_weighted avg,0.4855639320563889,0.24952705259175179,0.30481058355107343,5286,mood_weighted avg,0.5557044095976938,0.24489795918367346,0.3175084115474076,588,mood_weighted avg,0.5762468535131635,0.2542113323124043,0.32238834119226334,653
0.0,0.9741379310344828,0.9699570815450643,0.9720430107526882,699,0.0,0.14285714285714285,0.24444444444444444,0.180327868852459,45,0.0,0.18604651162790697,0.24615384615384617,0.2119205298013245,65
1.0,0.9401709401709402,0.9565217391304348,0.9482758620689655,115,1.0,0.0,0.0,0.0,4,1.0,0.0,0.0,0.0,3
2.0,0.9292929292929293,0.9269521410579346,0.9281210592686003,397,2.0,0.1590909090909091,0.21875,0.18421052631578946,32,2.0,0.02040816326530612,0.038461538461538464,0.026666666666666665,26
3.0,0.9463894967177243,0.9515951595159516,0.9489851892484915,909,3.0,0.2549019607843137,0.2549019607843137,0.2549019607843137,102,3.0,0.36283185840707965,0.31297709923664124,0.3360655737704918,131
4.0,0.9671111111111111,0.9632580787959274,0.9651807496118874,2259,4.0,0.584,0.46645367412140576,0.5186500888099467,313,4.0,0.5215827338129496,0.4447852760736196,0.48013245033112584,326
5.0,0.9475,0.9570707070707071,0.9522613065326633,396,5.0,0.13333333333333333,0.12,0.12631578947368424,50,5.0,0.22448979591836735,0.18333333333333332,0.2018348623853211,60
6.0,0.9395711500974658,0.9432485322896281,0.94140625,511,6.0,0.17543859649122806,0.23809523809523808,0.20202020202020202,42,6.0,0.078125,0.11904761904761904,0.09433962264150944,42
accuracy,0.0,0.0,0.9568671963677639,0,accuracy,0.0,0.0,0.35034013605442177,0,accuracy,0.0,0.0,0.33537519142419603,0
macro avg,0.949167651203522,0.9526576342008068,0.9508962039261852,5286,macro avg,0.2070888489367039,0.22037790249220032,0.20948949089377072,588,macro avg,0.19906915186165852,0.19210838747237116,0.19299424365663417,653
weighted avg,0.9569190834389465,0.9568671963677639,0.9568858817103219,5286,weighted avg,0.3985485854400999,0.35034013605442177,0.3692986508444081,588,weighted avg,0.3781641928486416,0.33537519142419603,0.353887125017402,653
mood_0.0,0.6534788540245566,0.3433691756272401,0.450187969924812,2790,mood_0.0,0.6863905325443787,0.30526315789473685,0.42258652094717664,380,mood_0.0,0.7365591397849462,0.3261904761904762,0.4521452145214522,420
mood_1.0,0.04088586030664395,0.24615384615384617,0.07012417823228634,195,mood_1.0,0.024390243902439025,0.2727272727272727,0.04477611940298507,11,mood_1.0,0.0070921985815602835,0.125,0.013422818791946307,8
mood_2.0,0.44297082228116713,0.10036057692307693,0.1636452719255267,1664,mood_2.0,0.35714285714285715,0.09316770186335403,0.1477832512315271,161,mood_2.0,0.3953488372093023,0.08994708994708994,0.14655172413793102,189
mood_3.0,0.052886734244160426,0.18838304552590268,0.08258774948382656,637,mood_3.0,0.05905511811023622,0.4166666666666667,0.10344827586206896,36,mood_3.0,0.06713780918727916,0.5277777777777778,0.11912225705329155,36
mood_accuracy,0.0,0.0,0.9568671963677639,0,mood_accuracy,0.0,0.0,0.35034013605442177,0,mood_accuracy,0.0,0.0,0.33537519142419603,0
mood_macro avg,0.297555567714132,0.21956666105751646,0.1916362923916129,5286,mood_macro avg,0.28174468792497775,0.27195619978800756,0.17964854186093945,588,mood_macro avg,0.301534496190772,0.26722883597883595,0.18281050362615525,653
mood_weighted avg,0.49223818453986024,0.2446083995459705,0.30166719253704044,5286,mood_weighted avg,0.5454467335063932,0.2534013605442177,0.32073581063379303,588,mood_weighted avg,0.5919593685476724,0.2664624808575804,0.33996179137110705,653
0.0,0.9640804597701149,0.9738751814223512,0.9689530685920578,689,0.0,0.16883116883116883,0.21666666666666667,0.1897810218978102,60,0.0,0.22093023255813954,0.2602739726027397,0.2389937106918239,73
1.0,0.9316239316239316,0.9159663865546218,0.9237288135593219,119,1.0,0.0,0.0,0.0,5,1.0,0.0,0.0,0.0,4
2.0,0.9267676767676768,0.9152119700748129,0.9209535759096613,401,2.0,0.18181818181818182,0.19047619047619047,0.18604651162790697,42,2.0,0.02040816326530612,0.030303030303030304,0.024390243902439025,33
3.0,0.9507658643326039,0.9559955995599559,0.9533735600658255,909,3.0,0.17647058823529413,0.26865671641791045,0.21301775147928995,67,3.0,0.23008849557522124,0.33766233766233766,0.2736842105263158,77
4.0,0.9693333333333334,0.9663269827204254,0.9678278233858443,2257,4.0,0.54,0.4623287671232877,0.4981549815498155,292,4.0,0.5539568345323741,0.46107784431137727,0.5032679738562091,334
5.0,0.945,0.9569620253164557,0.950943396226415,395,5.0,0.08888888888888889,0.08333333333333333,0.08602150537634409,48,5.0,0.24489795918367346,0.18461538461538463,0.2105263157894737,65
6.0,0.9395711500974658,0.9341085271317829,0.9368318756073858,516,6.0,0.22807017543859648,0.17567567567567569,0.19847328244274806,74,6.0,0.125,0.11940298507462686,0.12213740458015267,67
accuracy,0.0,0.0,0.9566780174044647,0,accuracy,0.0,0.0,0.32482993197278914,0,accuracy,0.0,0.0,0.33690658499234305,0
macro avg,0.9467346308464466,0.9454923818257723,0.9460874447637873,5286,macro avg,0.19772557188744716,0.199591049956152,0.19592786491055922,588,macro avg,0.19932595501638778,0.1990479363670709,0.19614283704948773,653
weighted avg,0.9566541317613806,0.9566780174044647,0.9566527865716595,5286,weighted avg,0.3544449367808185,0.32482993197278914,0.33631005769171285,588,weighted avg,0.3734045032228837,0.33690658499234305,0.35112407816381286,653
mood_0.0,0.6589358799454298,0.3413427561837456,0.4497206703910615,2830,mood_0.0,0.5029585798816568,0.3090909090909091,0.38288288288288286,275,mood_0.0,0.5752688172043011,0.33024691358024694,0.41960784313725497,324
mood_1.0,0.048551959114139696,0.27014218009478674,0.08231046931407943,211,mood_1.0,0.016260162601626018,0.16666666666666666,0.02962962962962963,12,mood_1.0,0.0,0.0,0.0,11
mood_2.0,0.4482758620689655,0.1068943706514864,0.17262512768130744,1581,mood_2.0,0.5952380952380952,0.10416666666666667,0.1773049645390071,240,mood_2.0,0.4883720930232558,0.08076923076923077,0.1386138613861386,260
mood_3.0,0.0625826355222565,0.21385542168674698,0.0968291851346744,664,mood_3.0,0.0984251968503937,0.4098360655737705,0.15873015873015875,61,mood_3.0,0.10600706713780919,0.5172413793103449,0.17595307917888564,58
mood_accuracy,0.0,0.0,0.9566780174044647,0,mood_accuracy,0.0,0.0,0.32482993197278914,0,mood_accuracy,0.0,0.0,0.33690658499234305,0
mood_macro avg,0.3045865841626979,0.23305868215419145,0.2003713631302807,5286,mood_macro avg,0.303220508642943,0.2474400769995032,0.18713690894541957,588,mood_macro avg,0.2924119943413415,0.23206438091495563,0.1835436959255698,653
mood_weighted avg,0.4966538046796183,0.252364737041241,0.3078493969022977,5286,mood_weighted avg,0.48872416884981634,0.23299319727891157,0.26851033932015256,588,mood_weighted avg,0.48929900590234765,0.24196018376722817,0.27901657538934455,653
0.0,0.9683908045977011,0.9725829725829725,0.970482361411087,693,0.0,0.19480519480519481,0.2459016393442623,0.21739130434782608,61,0.0,0.23255813953488372,0.273972602739726,0.25157232704402516,73
1.0,0.9230769230769231,0.9473684210526315,0.935064935064935,114,1.0,0.0,0.0,0.0,4,1.0,0.0,0.0,0.0,4
2.0,0.9242424242424242,0.9265822784810127,0.9254108723135271,395,2.0,0.25,0.171875,0.2037037037037037,64,2.0,0.061224489795918366,0.061224489795918366,0.061224489795918366,49
3.0,0.949671772428884,0.949671772428884,0.949671772428884,914,3.0,0.17647058823529413,0.24324324324324326,0.20454545454545459,74,3.0,0.2743362831858407,0.33695652173913043,0.30243902439024395,92
4.0,0.9684444444444444,0.9654408506867523,0.9669403150654537,2257,4.0,0.58,0.4603174603174603,0.5132743362831858,315,4.0,0.5755395683453237,0.4584527220630373,0.5103668261562999,349
5.0,0.945,0.9521410579345088,0.9485570890840652,397,5.0,0.044444444444444446,0.05263157894736842,0.048192771084337345,38,5.0,0.20408163265306123,0.17857142857142858,0.19047619047619047,56
6.0,0.9454191033138402,0.939922480620155,0.9426627793974732,516,6.0,0.07017543859649122,0.125,0.0898876404494382,32,6.0,0.078125,0.16666666666666666,0.10638297872340426,30
accuracy,0.0,0.0,0.9568671963677639,0,accuracy,0.0,0.0,0.33163265306122447,0,accuracy,0.0,0.0,0.35068912710566613,0
macro avg,0.9463207817291739,0.9505299762552738,0.9483985892522037,5286,macro avg,0.18798509515448922,0.18556698883604775,0.18242788720199224,588,macro avg,0.20369501621643255,0.2108349187965582,0.20320883379801175,653
weighted avg,0.9569015745012838,0.9568671963677639,0.9568774921031646,5286,weighted avg,0.3870347675790906,0.33163265306122447,0.3534411836112389,588,weighted avg,0.3979346294337416,0.35068912710566613,0.3693190635145999,653
mood_0.0,0.6821282401091405,0.3562522265764161,0.46805523051720105,2807,mood_0.0,0.6745562130177515,0.30238726790450926,0.41758241758241754,377,mood_0.0,0.7096774193548387,0.31058823529411766,0.43207855973813425,425
mood_1.0,0.039182282793867124,0.22439024390243903,0.06671501087744743,205,mood_1.0,0.008130081300813009,0.06666666666666667,0.014492753623188406,15,mood_1.0,0.014184397163120567,0.18181818181818182,0.026315789473684213,11
mood_2.0,0.46949602122015915,0.1133888532991672,0.1826625386996904,1561,mood_2.0,0.30952380952380953,0.09027777777777778,0.13978494623655913,144,mood_2.0,0.3488372093023256,0.09036144578313253,0.14354066985645933,166
mood_3.0,0.06566769501983252,0.20897615708274894,0.0999329309188464,713,mood_3.0,0.07480314960629922,0.36538461538461536,0.12418300653594772,52,mood_3.0,0.09540636042402827,0.5294117647058824,0.16167664670658682,51
mood_accuracy,0.0,0.0,0.9568671963677639,0,mood_accuracy,0.0,0.0,0.33163265306122447,0,mood_accuracy,0.0,0.0,0.35068912710566613,0
mood_macro avg,0.3141185597857498,0.2257518702151928,0.2043414277532963,5286,mood_macro avg,0.26675331336216834,0.20617908193339227,0.1740107809945282,588,mood_macro avg,0.2920263465610783,0.27804490690032857,0.19090291644371615,653
mood_weighted avg,0.5112506041681629,0.2595535376466137,0.31855770184393006,5286,mood_weighted avg,0.5151204691805453,0.25,0.3133205975014507,588,mood_weighted avg,0.5582567116698505,0.26952526799387444,0.33077507159437325,653
0.0,0.9712643678160919,0.9740634005763689,0.9726618705035971,694,0.0,0.18181818181818182,0.2916666666666667,0.224,48,0.0,0.19767441860465115,0.25757575757575757,0.22368421052631576,66
1.0,0.9401709401709402,0.9322033898305084,0.9361702127659575,118,1.0,0.0,0.0,0.0,3,1.0,0.0,0.0,0.0,3
2.0,0.9242424242424242,0.9481865284974094,0.9360613810741689,386,2.0,0.18181818181818182,0.1951219512195122,0.18823529411764706,41,2.0,0.04081632653061224,0.05263157894736842,0.04597701149425287,38
3.0,0.9606126914660832,0.9616648411829135,0.9611384783798578,913,3.0,0.24509803921568626,0.25773195876288657,0.2512562814070351,97,3.0,0.30973451327433627,0.3017241379310345,0.30567685589519644,116
4.0,0.976,0.9656992084432717,0.9708222811671087,2274,4.0,0.56,0.4844290657439446,0.5194805194805195,289,4.0,0.5071942446043165,0.4592833876221498,0.482051282051282,307
5.0,0.9425,0.9544303797468354,0.9484276729559747,395,5.0,0.13333333333333333,0.0967741935483871,0.11214953271028037,62,5.0,0.24489795918367346,0.17647058823529413,0.20512820512820515,68
6.0,0.9454191033138402,0.958498023715415,0.9519136408243376,506,6.0,0.10526315789473684,0.125,0.11428571428571428,48,6.0,0.109375,0.12727272727272726,0.11764705882352941,55
accuracy,0.0,0.0,0.9625425652667423,0,accuracy,0.0,0.0,0.33843537414965985,0,accuracy,0.0,0.0,0.327718223583461,0
macro avg,0.9514585038584827,0.9563922531418173,0.9538850768101431,5286,macro avg,0.2010472705828743,0.2072462622773424,0.20134390600017094,588,macro avg,0.20138463745679852,0.19642259679776167,0.1971663748455402,653
weighted avg,0.9627105886393211,0.9625425652667423,0.9625958470563846,5286,weighted avg,0.365842901754003,0.33843537414965985,0.34933734999817645,588,weighted avg,0.350542197387302,0.327718223583461,0.33748522111656487,653
mood_0.0,0.6657571623465212,0.34221598877980364,0.4520611394163965,2852,mood_0.0,0.6627218934911243,0.30939226519337015,0.4218455743879473,362,mood_0.0,0.6989247311827957,0.3125,0.43189368770764125,416
mood_1.0,0.04599659284497445,0.23478260869565218,0.07692307692307693,230,mood_1.0,0.016260162601626018,0.18181818181818182,0.02985074626865672,11,mood_1.0,0.0070921985815602835,0.125,0.013422818791946307,8
mood_2.0,0.35278514588859416,0.09255393180236604,0.1466372657111356,1437,mood_2.0,0.35714285714285715,0.09554140127388536,0.15075376884422112,157,mood_2.0,0.32558139534883723,0.08092485549132948,0.12962962962962962,173
mood_3.0,0.07756721022476862,0.22946544980443284,0.11594202898550722,767,mood_3.0,0.10236220472440945,0.4482758620689655,0.16666666666666666,58,mood_3.0,0.10600706713780919,0.5357142857142857,0.17699115044247787,56
mood_accuracy,0.0,0.0,0.9625425652667423,0,mood_accuracy,0.0,0.0,0.33843537414965985,0,mood_accuracy,0.0,0.0,0.327718223583461,0
mood_macro avg,0.2855265278262146,0.22475449477056367,0.19789087775902905,5286,mood_macro avg,0.2846217794900042,0.2587569275886007,0.19227918904187294,588,mood_macro avg,0.28440134806275064,0.2635347853014038,0.18798432164292378,653
mood_weighted avg,0.4683626462828093,0.25331063185773744,0.3039379425589588,5286,mood_weighted avg,0.5137629654385192,0.26360544217687076,0.31695827298061485,588,mood_weighted avg,0.5406912755218402,0.2679938744257274,0.3248278514355574,653
0.0,0.9655172413793104,0.9753265602322206,0.9703971119133574,689,0.0,0.12987012987012986,0.18867924528301888,0.15384615384615385,53,0.0,0.19767441860465115,0.265625,0.22666666666666663,64
1.0,0.9316239316239316,0.9478260869565217,0.939655172413793,115,1.0,0.0,0.0,0.0,4,1.0,0.0,0.0,0.0,4
2.0,0.9419191919191919,0.9301745635910225,0.9360100376411543,401,2.0,0.13636363636363635,0.1935483870967742,0.16,31,2.0,0.02040816326530612,0.043478260869565216,0.02777777777777778,23
3.0,0.9529540481400438,0.9571428571428572,0.9550438596491229,910,3.0,0.2647058823529412,0.24324324324324326,0.25352112676056343,111,3.0,0.34513274336283184,0.31451612903225806,0.3291139240506329,124
4.0,0.9711111111111111,0.9663865546218487,0.9687430724894701,2261,4.0,0.556,0.46179401993355484,0.5045372050816698,301,4.0,0.5719424460431655,0.47181008902077154,0.5170731707317073,337
5.0,0.95,0.9571788413098237,0.9535759096612296,397,5.0,0.06666666666666667,0.09375,0.07792207792207793,32,5.0,0.20408163265306123,0.22727272727272727,0.2150537634408602,44
6.0,0.9434697855750487,0.9434697855750487,0.9434697855750487,513,6.0,0.12280701754385964,0.125,0.12389380530973451,56,6.0,0.09375,0.10526315789473684,0.09917355371900827,57
accuracy,0.0,0.0,0.9598940597805524,0,accuracy,0.0,0.0,0.32653061224489793,0,accuracy,0.0,0.0,0.3552833078101072,0
macro avg,0.9509421871069482,0.953929321347049,0.9524135641918824,5286,macro avg,0.18234476182817624,0.18657355650808444,0.18196005270288568,588,macro avg,0.2047127719898594,0.20399505201286555,0.2021226937695219,653
weighted avg,0.9599145163519399,0.9598940597805524,0.959892473580192,5286,weighted avg,0.3688082803866591,0.32653061224489793,0.34447610466786205,588,weighted avg,0.40273347147943694,0.3552833078101072,0.37568851275314047,653
mood_0.0,0.6575716234652115,0.3442857142857143,0.45194561650257864,2800,mood_0.0,0.650887573964497,0.2887139107611549,0.4,381,mood_0.0,0.7258064516129032,0.3146853146853147,0.4390243902439024,429
mood_1.0,0.03151618398637138,0.1989247311827957,0.05441176470588235,186,mood_1.0,0.024390243902439025,0.16666666666666666,0.0425531914893617,18,mood_1.0,0.014184397163120567,0.13333333333333333,0.02564102564102564,15
mood_2.0,0.4244031830238727,0.10443864229765012,0.1676270298585647,1532,mood_2.0,0.3333333333333333,0.10294117647058823,0.15730337078651682,136,mood_2.0,0.27906976744186046,0.0759493670886076,0.11940298507462686,158
mood_3.0,0.07977082415160863,0.23567708333333334,0.11919657556799472,768,mood_3.0,0.09055118110236221,0.4339622641509434,0.1498371335504886,53,mood_3.0,0.0989399293286219,0.5490196078431373,0.16766467065868262,51
mood_accuracy,0.0,0.0,0.9598940597805524,0,mood_accuracy,0.0,0.0,0.32653061224489793,0,mood_accuracy,0.0,0.0,0.3552833078101072,0
mood_macro avg,0.29831545365676604,0.22083154277487338,0.1982952466587551,5286,mood_macro avg,0.2747905830756579,0.2480710045123383,0.18742342395659178,588,mood_macro avg,0.2795001363866266,0.26824690573759824,0.1879332679045594,653
mood_weighted avg,0.4840166903641819,0.25387816874763525,0.3072107253541535,5286,mood_weighted avg,0.507754653065435,0.25510204081632654,0.3103751427754263,588,mood_weighted avg,0.5524084124823215,0.27105666156202146,0.3309994619366514,653
0.0,0.9770114942528736,0.9714285714285714,0.9742120343839543,700,0.0,0.14285714285714285,0.22448979591836735,0.17460317460317462,49,0.0,0.19767441860465115,0.25,0.22077922077922077,68
1.0,0.9316239316239316,0.9478260869565217,0.939655172413793,115,1.0,0.0,0.0,0.0,5,1.0,0.0,0.0,0.0,5
2.0,0.9242424242424242,0.9289340101522843,0.9265822784810126,394,2.0,0.20454545454545456,0.19148936170212766,0.19780219780219782,47,2.0,0.04081632653061224,0.04878048780487805,0.04444444444444444,41
3.0,0.9573304157549234,0.9562841530054644,0.9568069983597594,915,3.0,0.19607843137254902,0.24691358024691357,0.2185792349726776,81,3.0,0.26548672566371684,0.3157894736842105,0.28846153846153844,95
4.0,0.9684444444444444,0.969306049822064,0.9688750555802579,2248,4.0,0.572,0.4627831715210356,0.5116279069767441,309,4.0,0.564748201438849,0.4563953488372093,0.504823151125402,344
5.0,0.9475,0.959493670886076,0.9534591194968554,395,5.0,0.08888888888888889,0.08163265306122448,0.0851063829787234,49,5.0,0.20408163265306123,0.16666666666666666,0.18348623853211007,60
6.0,0.9532163742690059,0.9421965317919075,0.9476744186046512,519,6.0,0.15789473684210525,0.1875,0.17142857142857143,48,6.0,0.078125,0.125,0.09615384615384616,40
accuracy,0.0,0.0,0.9604615966704503,0,accuracy,0.0,0.0,0.3333333333333333,0,accuracy,0.0,0.0,0.33843797856049007,0
macro avg,0.9513384406553718,0.9536384391489842,0.9524664396171836,5286,macro avg,0.19460923635802005,0.19925836606423838,0.19416392410886982,588,macro avg,0.1929903292701272,0.19466171099899493,0.19116406278522313,653
weighted avg,0.9604991587282934,0.9604615966704503,0.960471261921783,5286,weighted avg,0.37615389834828133,0.3333333333333333,0.35042344274725945,588,weighted avg,0.38281753146259145,0.33843797856049007,0.35643728565738764,653
mood_0.0,0.6439290586630286,0.35744036349867475,0.4597029461894327,2641,mood_0.0,0.621301775147929,0.29914529914529914,0.40384615384615385,351,mood_0.0,0.6827956989247311,0.32151898734177214,0.4371772805507745,395
mood_1.0,0.04770017035775128,0.20437956204379562,0.07734806629834255,274,mood_1.0,0.016260162601626018,0.16666666666666666,0.02962962962962963,12,mood_1.0,0.02127659574468085,0.23076923076923078,0.03896103896103896,13
mood_2.0,0.3819628647214854,0.09411764705882353,0.15102254850550603,1530,mood_2.0,0.2857142857142857,0.07100591715976332,0.11374407582938388,169,mood_2.0,0.27906976744186046,0.06382978723404255,0.10389610389610389,188
mood_3.0,0.08814455707360071,0.23781212841854935,0.12861736334405144,841,mood_3.0,0.08661417322834646,0.39285714285714285,0.14193548387096774,56,mood_3.0,0.0989399293286219,0.49122807017543857,0.16470588235294115,57
mood_accuracy,0.0,0.0,0.9604615966704503,0,mood_accuracy,0.0,0.0,0.3333333333333333,0,mood_accuracy,0.0,0.0,0.33843797856049007,0
mood_macro avg,0.29043416270396655,0.22343742525496083,0.20417273108433315,5286,mood_macro avg,0.25247259917304676,0.232418756457218,0.17228883579403378,588,mood_macro avg,0.2705204978599736,0.276836518880121,0.18618507644021462,653
mood_weighted avg,0.44877397770144783,0.2542565266742338,0.29786238230000167,5286,mood_weighted avg,0.4615784915215038,0.23979591836734693,0.28788552970662523,588,mood_weighted avg,0.5024281609046721,0.26033690658499237,0.30951335704538224,653
0.0,0.9655172413793104,0.9767441860465116,0.9710982658959537,688,0.0,0.18181818181818182,0.2641509433962264,0.21538461538461537,53,0.0,0.20930232558139536,0.2647058823529412,0.2337662337662338,68
1.0,0.9487179487179487,0.940677966101695,0.9446808510638298,118,1.0,0.0,0.0,0.0,4,1.0,0.0,0.0,0.0,3
2.0,0.9292929292929293,0.9387755102040817,0.934010152284264,392,2.0,0.22727272727272727,0.14285714285714285,0.17543859649122806,70,2.0,0.10204081632653061,0.0684931506849315,0.0819672131147541,73
3.0,0.9584245076586433,0.9615806805708014,0.96,911,3.0,0.20588235294117646,0.25301204819277107,0.227027027027027,83,3.0,0.3008849557522124,0.3269230769230769,0.3133640552995392,104
4.0,0.9728888888888889,0.9647421771705598,0.968798406727152,2269,4.0,0.552,0.45544554455445546,0.49909584086799286,303,4.0,0.5251798561151079,0.45625,0.4882943143812709,320
5.0,0.935,0.9468354430379747,0.9408805031446541,395,5.0,0.08888888888888889,0.09302325581395349,0.09090909090909091,43,5.0,0.1836734693877551,0.15517241379310345,0.16822429906542055,58
6.0,0.9454191033138402,0.9454191033138402,0.9454191033138402,513,6.0,0.10526315789473684,0.1875,0.1348314606741573,32,6.0,0.078125,0.18518518518518517,0.10989010989010989,27
accuracy,0.0,0.0,0.9600832387438517,0,accuracy,0.0,0.0,0.3282312925170068,0,accuracy,0.0,0.0,0.332312404287902,0
macro avg,0.9507515170359372,0.9535392952064949,0.9521267546328133,5286,macro avg,0.19444647268795873,0.19942699068779274,0.19181237590773018,588,macro avg,0.1998866318804288,0.20810424413417689,0.19935803221676124,653
weighted avg,0.9601668603228196,0.9600832387438517,0.9601080799590288,5286,weighted avg,0.3691842399905204,0.3282312925170068,0.3435188215079585,588,weighted avg,0.35802995912852376,0.332312404287902,0.34218651626258356,653
mood_0.0,0.6671214188267395,0.3344733242134063,0.4455580865603645,2924,mood_0.0,0.6804733727810651,0.28465346534653463,0.4013961605584642,404,mood_0.0,0.7204301075268817,0.30385487528344673,0.42743221690590116,441
mood_1.0,0.03492333901192504,0.23163841807909605,0.06069578090303479,177,mood_1.0,0.016260162601626018,0.13333333333333333,0.028985507246376812,15,mood_1.0,0.02127659574468085,0.17647058823529413,0.0379746835443038,17
mood_2.0,0.38461538461538464,0.09830508474576272,0.15658747300215983,1475,mood_2.0,0.23809523809523808,0.08264462809917356,0.12269938650306748,121,mood_2.0,0.20930232558139536,0.06766917293233082,0.10227272727272728,133
mood_3.0,0.06831203173204055,0.21830985915492956,0.10406176569318563,710,mood_3.0,0.07086614173228346,0.375,0.11920529801324505,48,mood_3.0,0.10247349823321555,0.46774193548387094,0.16811594202898553,62
mood_accuracy,0.0,0.0,0.9600832387438517,0,mood_accuracy,0.0,0.0,0.3282312925170068,0,mood_accuracy,0.0,0.0,0.332312404287902,0
mood_macro avg,0.2887430435465224,0.22068167154829865,0.19172577653968617,5286,mood_macro avg,0.2514237288025532,0.21890785669476037,0.1680715880802884,588,mood_macro avg,0.2633706317715434,0.2539341429837357,0.18394889243797943,653
mood_weighted avg,0.48669195885205035,0.24952705259175179,0.30616825097288886,5286,mood_weighted avg,0.5227317068966805,0.2465986394557823,0.3115090332411941,588,mood_weighted avg,0.539451678008881,0.2679938744257274,0.3264450817899317,653
0.0,0.9712643678160919,0.9712643678160919,0.9712643678160919,696,0.0,0.16883116883116883,0.23636363636363636,0.19696969696969696,55,0.0,0.19767441860465115,0.24285714285714285,0.21794871794871792,70
1.0,0.9658119658119658,0.9262295081967213,0.9456066945606694,122,1.0,0.0,0.0,0.0,3,1.0,0.0,0.0,0.0,3
2.0,0.9393939393939394,0.9185185185185185,0.9288389513108615,405,2.0,0.22727272727272727,0.2,0.21276595744680854,50,2.0,0.02040816326530612,0.021739130434782608,0.021052631578947368,46
3.0,0.9562363238512035,0.9583333333333334,0.9572836801752466,912,3.0,0.23529411764705882,0.24489795918367346,0.24,98,3.0,0.336283185840708,0.3220338983050847,0.329004329004329,118
4.0,0.9684444444444444,0.971900089206066,0.9701691896705252,2242,4.0,0.508,0.47924528301886793,0.49320388349514566,265,4.0,0.4892086330935252,0.4689655172413793,0.4788732394366197,290
5.0,0.95,0.9523809523809523,0.9511889862327909,399,5.0,0.1111111111111111,0.09433962264150944,0.10204081632653061,53,5.0,0.20408163265306123,0.15625,0.17699115044247787,64
6.0,0.9434697855750487,0.9490196078431372,0.946236559139785,510,6.0,0.17543859649122806,0.15625,0.1652892561983471,64,6.0,0.140625,0.14516129032258066,0.14285714285714288,62
accuracy,0.0,0.0,0.9606507756337496,0,accuracy,0.0,0.0,0.32142857142857145,0,accuracy,0.0,0.0,0.3231240428790199,0
macro avg,0.9563744038418135,0.9496637681849744,0.9529412041294244,5286,macro avg,0.2037068173361849,0.20158521445824104,0.20146708720521841,588,macro avg,0.19832586192246454,0.1938581398801386,0.19524674446689066,653
weighted avg,0.9606211062662925,0.9606507756337496,0.9606149985332231,5286,weighted avg,0.3323896823862073,0.32142857142857145,0.3259818639351831,588,weighted avg,0.3340090028003851,0.3231240428790199,0.3278792619504346,653
mood_0.0,0.6541609822646658,0.3401915572898191,0.447607934655776,2819,mood_0.0,0.6804733727810651,0.2911392405063291,0.4078014184397163,395,mood_0.0,0.7419354838709677,0.3157894736842105,0.4430176565008026,437
mood_1.0,0.03321976149914821,0.1822429906542056,0.05619596541786743,214,mood_1.0,0.008130081300813009,0.1,0.015037593984962407,10,mood_1.0,0.0070921985815602835,0.16666666666666666,0.013605442176870748,6
mood_2.0,0.40583554376657827,0.10296096904441454,0.1642512077294686,1486,mood_2.0,0.2619047619047619,0.08270676691729323,0.1257142857142857,133,mood_2.0,0.2558139534883721,0.07096774193548387,0.11111111111111112,155
mood_3.0,0.0758043190832966,0.2242503259452412,0.11330698287220026,767,mood_3.0,0.08267716535433071,0.42,0.1381578947368421,50,mood_3.0,0.09187279151943463,0.4727272727272727,0.15384615384615383,55
mood_accuracy,0.0,0.0,0.9606507756337496,0,mood_accuracy,0.0,0.0,0.32142857142857145,0,mood_accuracy,0.0,0.0,0.3231240428790199,0
mood_macro avg,0.29225515165342225,0.2124114607334201,0.19534052266882806,5286,mood_macro avg,0.2582963453352427,0.22346150185590558,0.17167779821895163,588,mood_macro avg,0.2741786068650837,0.25653778875340844,0.1803950909087346,653
mood_weighted avg,0.47529367550868984,0.25028376844494893,0.3035975132317488,5286,mood_weighted avg,0.5235297188139093,0.25170068027210885,0.31438746761969333,588,mood_weighted avg,0.5650421530893858,0.26952526799387444,0.3359327859535569,653
0.0,0.9727011494252874,0.9727011494252874,0.9727011494252875,696,0.0,0.14285714285714285,0.20754716981132076,0.16923076923076924,53,0.0,0.20930232558139536,0.2571428571428571,0.23076923076923075,70
1.0,0.9230769230769231,0.9557522123893806,0.9391304347826088,113,1.0,0.0,0.0,0.0,6,1.0,0.0,0.0,0.0,4
2.0,0.9343434343434344,0.9367088607594937,0.9355246523388117,395,2.0,0.22727272727272727,0.18181818181818182,0.20202020202020204,55,2.0,0.04081632653061224,0.0392156862745098,0.04,51
3.0,0.9638949671772429,0.960741548527808,0.9623156744948116,917,3.0,0.19607843137254902,0.25,0.2197802197802198,80,3.0,0.24778761061946902,0.2978723404255319,0.2705314009661836,94
4.0,0.9706666666666667,0.9745649263721553,0.9726118904475618,2241,4.0,0.552,0.46464646464646464,0.5045703839122486,297,4.0,0.5431654676258992,0.4507462686567164,0.4926590538336052,335
5.0,0.9625,0.9529702970297029,0.9577114427860696,404,5.0,0.06666666666666667,0.07142857142857142,0.0689655172413793,42,5.0,0.20408163265306123,0.18867924528301888,0.19607843137254904,53
6.0,0.9551656920077972,0.9423076923076923,0.9486931268151017,520,6.0,0.17543859649122806,0.18181818181818182,0.17857142857142855,55,6.0,0.09375,0.13043478260869565,0.10909090909090909,46
accuracy,0.0,0.0,0.9638668180098373,0,accuracy,0.0,0.0,0.32653061224489793,0,accuracy,0.0,0.0,0.32924961715160794,0
macro avg,0.9546212618139073,0.9565352409730743,0.9555269101557504,5286,macro avg,0.19433050923718767,0.19389408136038863,0.19187693153660682,588,macro avg,0.19127190900149102,0.1948701686273328,0.19130414657606826,653
weighted avg,0.9638791512710814,0.9638668180098373,0.9638585973587626,5286,weighted avg,0.36080072429974497,0.32653061224489793,0.34054106085078883,588,weighted avg,0.3631149908534112,0.32924961715160794,0.34314689059701703,653
mood_0.0,0.6718963165075034,0.35585260115606937,0.4652810581010864,2768,mood_0.0,0.591715976331361,0.2976190476190476,0.3960396039603961,336,mood_0.0,0.6666666666666666,0.3324396782841823,0.44364937388193204,373
mood_1.0,0.028960817717206135,0.1717171717171717,0.04956268221574345,198,mood_1.0,0.024390243902439025,0.11538461538461539,0.04026845637583893,26,mood_1.0,0.014184397163120567,0.09090909090909091,0.024539877300613498,22
mood_2.0,0.4244031830238727,0.10269576379974327,0.16537467700258396,1558,mood_2.0,0.23809523809523808,0.062111801242236024,0.09852216748768473,161,mood_2.0,0.2558139534883721,0.06043956043956044,0.09777777777777778,182
mood_3.0,0.07051564565888056,0.2099737532808399,0.10557571758495546,762,mood_3.0,0.09055118110236221,0.35384615384615387,0.14420062695924765,65,mood_3.0,0.11307420494699646,0.42105263157894735,0.17827298050139273,76
mood_accuracy,0.0,0.0,0.9638668180098373,0,mood_accuracy,0.0,0.0,0.32653061224489793,0,mood_accuracy,0.0,0.0,0.32924961715160794,0
mood_macro avg,0.29894399072686567,0.21005982248845606,0.19644853372609228,5286,mood_macro avg,0.23618815985785008,0.20724040452301323,0.16975771369579185,588,mood_macro avg,0.26243480556628895,0.22621024030294526,0.18606000236542902,653
mood_weighted avg,0.4881756199667115,0.25331063185773744,0.30946156327512037,5286,mood_weighted avg,0.41440454845882235,0.23129251700680273,0.2710057763849205,588,mood_weighted avg,0.4657434954289598,0.25880551301684535,0.3022440977522749,653
0.0,0.9755747126436781,0.9727793696275072,0.9741750358680057,698,0.0,0.14285714285714285,0.21568627450980393,0.171875,51,0.0,0.20930232558139536,0.2647058823529412,0.2337662337662338,68
1.0,0.9401709401709402,0.9565217391304348,0.9482758620689655,115,1.0,0.0,0.0,0.0,4,1.0,0.0,0.0,0.0,3
2.0,0.9419191919191919,0.927860696517413,0.9348370927318296,402,2.0,0.20454545454545456,0.24324324324324326,0.22222222222222227,37,2.0,0.02040816326530612,0.030303030303030304,0.024390243902439025,33
3.0,0.9595185995623632,0.9647964796479648,0.9621503017004936,909,3.0,0.27450980392156865,0.2641509433962264,0.2692307692307692,106,3.0,0.3185840707964602,0.27692307692307694,0.29629629629629634,130
4.0,0.9746666666666667,0.9716437749224635,0.9731528733081873,2257,4.0,0.52,0.47101449275362317,0.49429657794676807,276,4.0,0.5,0.45723684210526316,0.47766323024054985,304
5.0,0.9475,0.9546599496221663,0.9510664993726474,397,5.0,0.1111111111111111,0.10416666666666667,0.1075268817204301,48,5.0,0.22448979591836735,0.1896551724137931,0.205607476635514,58
6.0,0.9473684210526315,0.9566929133858267,0.9520078354554358,508,6.0,0.17543859649122806,0.15151515151515152,0.1626016260162602,66,6.0,0.125,0.14035087719298245,0.1322314049586777,57
accuracy,0.0,0.0,0.9642451759364359,0,accuracy,0.0,0.0,0.3282312925170068,0,accuracy,0.0,0.0,0.32618683001531396,0
macro avg,0.9552455045736388,0.9578507032648252,0.9565236429293664,5286,macro avg,0.20406601556092932,0.20711096744067362,0.2039647253052071,588,macro avg,0.19968347936593273,0.19416784018444103,0.19570784082853013,653
weighted avg,0.9642769682671306,0.9642451759364359,0.964249801440905,5286,weighted avg,0.3475922041179197,0.3282312925170068,0.3364713637987169,588,weighted avg,0.3498734531303141,0.32618683001531396,0.33674049951613244,653
mood_0.0,0.6684856753069577,0.3555878084179971,0.4642349597347229,2756,mood_0.0,0.6449704142011834,0.2898936170212766,0.39999999999999997,376,mood_0.0,0.7311827956989247,0.32,0.44517184942716853,425
mood_1.0,0.04599659284497445,0.2465753424657534,0.07753050969131371,219,mood_1.0,0.032520325203252036,0.2222222222222222,0.056737588652482275,18,mood_1.0,0.014184397163120567,0.16666666666666666,0.026143790849673203,12
mood_2.0,0.3819628647214854,0.09284332688588008,0.14937759336099585,1551,mood_2.0,0.2619047619047619,0.07534246575342465,0.11702127659574466,146,mood_2.0,0.3023255813953488,0.07975460122699386,0.1262135922330097,163
mood_3.0,0.07800793301013663,0.23289473684210527,0.11687025420930999,760,mood_3.0,0.06299212598425197,0.3333333333333333,0.10596026490066225,48,mood_3.0,0.08833922261484099,0.4716981132075472,0.14880952380952384,53
mood_accuracy,0.0,0.0,0.9642451759364359,0,mood_accuracy,0.0,0.0,0.3282312925170068,0,mood_accuracy,0.0,0.0,0.32618683001531396,0
mood_macro avg,0.29361326647088853,0.23197530365293395,0.20200332924908562,5286,mood_macro avg,0.25059690682336233,0.2301979095825642,0.1699297825372223,588,mood_macro avg,0.2840079992180588,0.25952984527530193,0.18658468907984382,653
mood_weighted avg,0.47372875657392216,0.2563374952705259,0.30588663850799735,5286,mood_weighted avg,0.4835985695215014,0.23809523809523808,0.29522529879924353,588,mood_weighted avg,0.5587809333905496,0.26952526799387444,0.33380012525670455,653
0.0,0.9712643678160919,0.9754689754689755,0.9733621310295175,693,0.0,0.15584415584415584,0.26666666666666666,0.19672131147540983,45,0.0,0.18604651162790697,0.25396825396825395,0.21476510067114093,63
1.0,0.9487179487179487,0.9327731092436975,0.9406779661016949,119,1.0,0.0,0.0,0.0,3,1.0,0.0,0.0,0.0,3
2.0,0.9292929292929293,0.9387755102040817,0.934010152284264,392,2.0,0.18181818181818182,0.21052631578947367,0.1951219512195122,38,2.0,0.02040816326530612,0.029411764705882353,0.024096385542168672,34
3.0,0.9649890590809628,0.9618320610687023,0.963407973784817,917,3.0,0.24509803921568626,0.2403846153846154,0.24271844660194175,104,3.0,0.3185840707964602,0.2857142857142857,0.301255230125523,126
4.0,0.9733333333333334,0.9711751662971175,0.9722530521642619,2255,4.0,0.568,0.4781144781144781,0.5191956124314442,297,4.0,0.5287769784172662,0.4608150470219436,0.4924623115577889,319
5.0,0.9425,0.9472361809045227,0.9448621553884713,398,5.0,0.08888888888888889,0.1111111111111111,0.09876543209876543,36,5.0,0.20408163265306123,0.18518518518518517,0.19417475728155342,54
6.0,0.9454191033138402,0.947265625,0.9463414634146341,512,6.0,0.21052631578947367,0.18461538461538463,0.19672131147540983,65,6.0,0.109375,0.12962962962962962,0.11864406779661016,54
accuracy,0.0,0.0,0.9627317442300416,0,accuracy,0.0,0.0,0.34523809523809523,0,accuracy,0.0,0.0,0.332312404287902,0
macro avg,0.9536452487935866,0.9535038040267282,0.9535592705953801,5286,macro avg,0.20716794022234092,0.2130597959545328,0.20703486647178335,588,macro avg,0.1953246223942858,0.1921034523178829,0.19219969328211214,653
weighted avg,0.9627691422280386,0.9627317442300416,0.9627450484617823,5286,weighted avg,0.3826402798075256,0.34523809523809523,0.36063494779410366,588,weighted avg,0.3647211561750471,0.332312404287902,0.3465472149888009,653
mood_0.0,0.6821282401091405,0.3711952487008166,0.4807692307692307,2694,mood_0.0,0.6804733727810651,0.2994791666666667,0.4159132007233273,384,mood_0.0,0.7150537634408602,0.3107476635514019,0.43322475570032576,428
mood_1.0,0.04258943781942078,0.2066115702479339,0.07062146892655367,242,mood_1.0,0.024390243902439025,0.21428571428571427,0.043795620437956206,14,mood_1.0,0.014184397163120567,0.16666666666666666,0.026143790849673203,12
mood_2.0,0.4270557029177719,0.09835064141722663,0.15988083416087387,1637,mood_2.0,0.2857142857142857,0.0821917808219178,0.1276595744680851,146,mood_2.0,0.27906976744186046,0.0736196319018405,0.11650485436893204,163
mood_3.0,0.07051564565888056,0.2244039270687237,0.1073105298457411,713,mood_3.0,0.07480314960629922,0.4318181818181818,0.12751677852348994,44,mood_3.0,0.0812720848056537,0.46,0.13813813813813816,50
mood_accuracy,0.0,0.0,0.9627317442300416,0,mood_accuracy,0.0,0.0,0.34523809523809523,0,mood_accuracy,0.0,0.0,0.332312404287902,0
mood_macro avg,0.30557225662630344,0.2251403468586752,0.20464551592559982,5286,mood_macro avg,0.2663452630010223,0.2569437108981201,0.17872129353821464,588,mood_macro avg,0.27239500321287374,0.2527584905299773,0.1785028847642673,653
mood_weighted avg,0.49135981154701075,0.2593643586833144,0.3122436694048236,5286,mood_weighted avg,0.5215116715298062,0.2534013605442177,0.3138993943728964,588,mood_weighted avg,0.5448165388238156,0.26033690658499237,0.32409053460793,653
0.0,0.9583333333333334,0.9765739385065886,0.9673676577229876,683,0.0,0.19480519480519481,0.24193548387096775,0.21582733812949642,62,0.0,0.20930232558139536,0.2465753424657534,0.22641509433962262,73
1.0,0.9316239316239316,0.9396551724137931,0.9356223175965666,116,1.0,0.0,0.0,0.0,4,1.0,0.0,0.0,0.0,4
2.0,0.9292929292929293,0.934010152284264,0.9316455696202531,394,2.0,0.22727272727272727,0.18518518518518517,0.20408163265306123,54,2.0,0.04081632653061224,0.04,0.0404040404040404,50
3.0,0.9649890590809628,0.962882096069869,0.9639344262295081,916,3.0,0.19607843137254902,0.23529411764705882,0.21390374331550802,85,3.0,0.2743362831858407,0.30392156862745096,0.2883720930232558,102
4.0,0.9777777777777777,0.9674582233948988,0.9725906277630416,2274,4.0,0.544,0.46258503401360546,0.5,294,4.0,0.5287769784172662,0.4523076923076923,0.48756218905472637,325
5.0,0.945,0.9593908629441624,0.9521410579345088,394,5.0,0.08888888888888889,0.08695652173913043,0.0879120879120879,46,5.0,0.20408163265306123,0.1694915254237288,0.18518518518518517,59
6.0,0.9415204678362573,0.9489194499017681,0.9452054794520548,509,6.0,0.12280701754385964,0.16279069767441862,0.13999999999999999,43,6.0,0.109375,0.175,0.1346153846153846,40
accuracy,0.0,0.0,0.962353386303443,0,accuracy,0.0,0.0,0.32653061224489793,0,accuracy,0.0,0.0,0.32924961715160794,0
macro avg,0.9497910712778845,0.9555556993593349,0.9526438766169887,5286,macro avg,0.19626460855474565,0.19639243430433803,0.19453211457287906,588,macro avg,0.1952412209097394,0.1981851612606608,0.19465056951745927,653
weighted avg,0.9624880854691525,0.962353386303443,0.9623913812567272,5286,weighted avg,0.35769201813025664,0.32653061224489793,0.3395365261106604,588,weighted avg,0.3576883940138903,0.32924961715160794,0.3410883769505267,653
mood_0.0,0.6875852660300137,0.3629816348577602,0.47513551732264914,2777,mood_0.0,0.6153846153846154,0.29461756373937675,0.3984674329501916,353,mood_0.0,0.6827956989247311,0.3182957393483709,0.4341880341880342,399
mood_1.0,0.04088586030664395,0.25,0.07027818448023426,192,mood_1.0,0.016260162601626018,0.13333333333333333,0.028985507246376812,15,mood_1.0,0.028368794326241134,0.23529411764705882,0.05063291139240506,17
mood_2.0,0.41909814323607425,0.10031746031746032,0.16188524590163936,1575,mood_2.0,0.2857142857142857,0.06976744186046512,0.11214953271028037,172,mood_2.0,0.2558139534883721,0.06043956043956044,0.09777777777777778,182
mood_3.0,0.07007492287351257,0.21428571428571427,0.10561275323812688,742,mood_3.0,0.06299212598425197,0.3333333333333333,0.10596026490066225,48,mood_3.0,0.08833922261484099,0.45454545454545453,0.14792899408284024,55
mood_accuracy,0.0,0.0,0.962353386303443,0,mood_accuracy,0.0,0.0,0.32653061224489793,0,mood_accuracy,0.0,0.0,0.32924961715160794,0
mood_macro avg,0.3044110481115611,0.2318962023652337,0.2032279252356624,5286,mood_macro avg,0.24508779742119477,0.2077629180666271,0.16139068445187776,588,mood_macro avg,0.26382941733854637,0.26714371799511116,0.18263192936026432,653
mood_weighted avg,0.4974176196203532,0.259742716609913,0.3152248710221289,5286,mood_weighted avg,0.45857338581614776,0.22789115646258504,0.2814108822814852,588,mood_weighted avg,0.49668384403248667,0.2557427258805513,0.30632991633201884,653
0.0,0.9741379310344828,0.9741379310344828,0.9741379310344828,696,0.0,0.15584415584415584,0.23529411764705882,0.18749999999999997,51,0.0,0.20930232558139536,0.2608695652173913,0.23225806451612907,69
1.0,0.9316239316239316,0.9316239316239316,0.9316239316239316,117,1.0,0.0,0.0,0.0,4,1.0,0.0,0.0,0.0,5
2.0,0.9292929292929293,0.9177057356608479,0.9234629861982435,401,2.0,0.20454545454545456,0.2,0.20224719101123598,45,2.0,0.02040816326530612,0.030303030303030304,0.024390243902439025,33
3.0,0.962800875273523,0.9554831704668838,0.9591280653950953,921,3.0,0.20588235294117646,0.25925925925925924,0.22950819672131148,81,3.0,0.3008849557522124,0.3148148148148148,0.30769230769230765,108
4.0,0.9715555555555555,0.9698314108251996,0.9706927175843695,2254,4.0,0.552,0.45394736842105265,0.4981949458483754,304,4.0,0.5251798561151079,0.44376899696048633,0.48105436573311366,329
5.0,0.9425,0.9544303797468354,0.9484276729559747,395,5.0,0.08888888888888889,0.08163265306122448,0.0851063829787234,49,5.0,0.20408163265306123,0.16393442622950818,0.18181818181818182,61
6.0,0.9454191033138402,0.9661354581673307,0.9556650246305418,502,6.0,0.15789473684210525,0.16666666666666666,0.16216216216216214,54,6.0,0.109375,0.14583333333333334,0.125,48
accuracy,0.0,0.0,0.9615966704502459,0,accuracy,0.0,0.0,0.3282312925170068,0,accuracy,0.0,0.0,0.33078101071975496,0
macro avg,0.9510471894420375,0.9527640025036445,0.9518769042032342,5286,macro avg,0.19500794129454016,0.19954286643646602,0.19495983981740114,588,macro avg,0.19560456190958328,0.19421773812265203,0.1931733090945959,653
weighted avg,0.9616269736774783,0.9615966704502459,0.9615928422837096,5286,weighted avg,0.3648281281222142,0.3282312925170068,0.3429115996437962,588,weighted avg,0.3646157080058462,0.33078101071975496,0.34520558828218395,653
mood_0.0,0.6678035470668485,0.3545816733067729,0.463212680387982,2761,mood_0.0,0.6094674556213018,0.30116959064327486,0.40313111545988256,342,mood_0.0,0.6559139784946236,0.3168831168831169,0.42732049036777586,385
mood_1.0,0.046848381601362864,0.2320675105485232,0.07795889440113396,237,mood_1.0,0.024390243902439025,0.17647058823529413,0.042857142857142864,17,mood_1.0,0.0070921985815602835,0.1,0.013245033112582781,10
mood_2.0,0.40848806366047746,0.09637046307884856,0.15594936708860763,1598,mood_2.0,0.3333333333333333,0.08,0.12903225806451613,175,mood_2.0,0.3488372093023256,0.07317073170731707,0.12096774193548386,205
mood_3.0,0.06434552666372852,0.21159420289855072,0.09868198715782359,690,mood_3.0,0.07480314960629922,0.35185185185185186,0.12337662337662339,54,mood_3.0,0.0812720848056537,0.4339622641509434,0.1369047619047619,53
mood_accuracy,0.0,0.0,0.9615966704502459,0,mood_accuracy,0.0,0.0,0.3282312925170068,0,mood_accuracy,0.0,0.0,0.33078101071975496,0
mood_macro avg,0.29687137974810435,0.22365346245817383,0.1989507322588868,5286,mood_macro avg,0.26049854561584335,0.2273730076826052,0.17459928493954124,588,mood_macro avg,0.27327886779604077,0.23100402818534432,0.17460950683015108,653
mood_weighted avg,0.4827981458604819,0.252364737041241,0.3054680530213356,5286,mood_weighted avg,0.4612673594913268,0.23639455782312926,0.28544625125761786,588,mood_weighted avg,0.502935454989161,0.24655436447166923,0.3012330453299328,653
0.0,0.9741379310344828,0.9769452449567724,0.9755395683453238,694,0.0,0.18181818181818182,0.25925925925925924,0.21374045801526717,54,0.0,0.20930232558139536,0.2571428571428571,0.23076923076923075,70
1.0,0.9487179487179487,0.9327731092436975,0.9406779661016949,119,1.0,0.0,0.0,0.0,4,1.0,0.0,0.0,0.0,4
2.0,0.9570707070707071,0.9427860696517413,0.9498746867167919,402,2.0,0.20454545454545456,0.1836734693877551,0.1935483870967742,49,2.0,0.04081632653061224,0.05,0.04494382022471909,40
3.0,0.9671772428884027,0.9608695652173913,0.9640130861504908,920,3.0,0.19607843137254902,0.2564102564102564,0.22222222222222224,78,3.0,0.2743362831858407,0.3069306930693069,0.2897196261682243,101
4.0,0.9742222222222222,0.9737894269213683,0.9740057764941124,2251,4.0,0.556,0.45874587458745875,0.5027124773960217,303,4.0,0.539568345323741,0.45454545454545453,0.4934210526315789,330
5.0,0.9525,0.957286432160804,0.9548872180451128,398,5.0,0.1111111111111111,0.08620689655172414,0.0970873786407767,58,5.0,0.20408163265306123,0.15151515151515152,0.1739130434782609,66
6.0,0.9473684210526315,0.9681274900398407,0.9576354679802955,502,6.0,0.14035087719298245,0.19047619047619047,0.16161616161616163,42,6.0,0.078125,0.11904761904761904,0.09433962264150944,42
accuracy,0.0,0.0,0.9668936814226258,0,accuracy,0.0,0.0,0.33163265306122447,0,accuracy,0.0,0.0,0.33078101071975496,0
macro avg,0.9601706389980565,0.9589396197416594,0.9595191099762602,5286,macro avg,0.19855772229146845,0.20496742095323486,0.19870386928388903,588,macro avg,0.19231855903923578,0.191311682188627,0.1895866279876462,653
weighted avg,0.9669206994562551,0.9668936814226258,0.9668883697148446,5286,weighted avg,0.36724865310292115,0.33163265306122447,0.3454081912141804,588,weighted avg,0.3656967414481296,0.33078101071975496,0.3453028385830861,653
mood_0.0,0.6541609822646658,0.36106927710843373,0.46530810286268803,2656,mood_0.0,0.5739644970414202,0.30218068535825543,0.3959183673469388,321,mood_0.0,0.6290322580645161,0.3179347826086957,0.4223826714801444,368
mood_1.0,0.04599659284497445,0.23684210526315788,0.07703281027104136,228,mood_1.0,0.016260162601626018,0.125,0.02877697841726619,16,mood_1.0,0.0070921985815602835,0.08333333333333333,0.013071895424836602,12
mood_2.0,0.4270557029177719,0.09566250742721331,0.1563106796116505,1683,mood_2.0,0.35714285714285715,0.07614213197969544,0.12552301255230128,197,mood_2.0,0.3023255813953488,0.061611374407582936,0.10236220472440945,211
mood_3.0,0.07007492287351257,0.2211404728789986,0.10642570281124498,719,mood_3.0,0.07480314960629922,0.35185185185185186,0.12337662337662339,54,mood_3.0,0.09187279151943463,0.41935483870967744,0.1507246376811594,62
mood_accuracy,0.0,0.0,0.9668936814226258,0,mood_accuracy,0.0,0.0,0.33163265306122447,0,mood_accuracy,0.0,0.0,0.33078101071975496,0
mood_macro avg,0.2993220502252312,0.22867859066945087,0.2012693238891562,5286,mood_macro avg,0.25554266659805064,0.2137936672974507,0.1683987454232824,588,mood_macro avg,0.257580707390215,0.22055858226482233,0.17213535232763746,653
mood_weighted avg,0.4761743113167371,0.25217555807794173,0.30136450171259743,5286,mood_weighted avg,0.4403048964078315,0.2261904761904762,0.2703071406601779,588,mood_weighted avg,0.46103489754876603,0.24042879019908117,0.28566162110700377,653
0.0,0.9770114942528736,0.9742120343839542,0.9756097560975611,698,0.0,0.16883116883116883,0.24074074074074073,0.1984732824427481,54,0.0,0.20930232558139536,0.26865671641791045,0.23529411764705882,67
1.0,0.9230769230769231,0.9473684210526315,0.935064935064935,114,1.0,0.0,0.0,0.0,4,1.0,0.0,0.0,0.0,4
2.0,0.9494949494949495,0.928395061728395,0.9388264669163545,405,2.0,0.20454545454545456,0.1836734693877551,0.1935483870967742,49,2.0,0.04081632653061224,0.05263157894736842,0.04597701149425287,38
3.0,0.9573304157549234,0.9647188533627343,0.9610104338275672,907,3.0,0.22549019607843138,0.24210526315789474,0.233502538071066,95,3.0,0.3274336283185841,0.3008130081300813,0.3135593220338983,123
4.0,0.9742222222222222,0.9733570159857904,0.9737894269213683,2252,4.0,0.536,0.44816053511705684,0.48816029143898,299,4.0,0.5215827338129496,0.44891640866873067,0.4825291181364393,323
5.0,0.9525,0.9548872180451128,0.9536921151439299,399,5.0,0.06666666666666667,0.06976744186046512,0.06818181818181818,43,5.0,0.20408163265306123,0.1724137931034483,0.1869158878504673,58
6.0,0.9532163742690059,0.9569471624266145,0.9550781250000001,511,6.0,0.12280701754385964,0.1590909090909091,0.1386138613861386,44,6.0,0.0625,0.1,0.07692307692307693,40
accuracy,0.0,0.0,0.965001891789633,0,accuracy,0.0,0.0,0.32142857142857145,0,accuracy,0.0,0.0,0.33078101071975496,0
macro avg,0.9552646255815568,0.9571265381407476,0.9561530369959594,5286,macro avg,0.1891915005236544,0.1919340513364031,0.18864002551678927,588,macro avg,0.1951023781280861,0.1919187864667913,0.19159979058359908,653
weighted avg,0.9650242991960559,0.965001891789633,0.9649973628794131,5286,weighted avg,0.35560434431234333,0.32142857142857145,0.3356716404072532,588,weighted avg,0.3654771366321024,0.33078101071975496,0.34587224909590214,653
mood_0.0,0.6507503410641201,0.359457422758101,0.46310679611650485,2654,mood_0.0,0.6331360946745562,0.29315068493150687,0.400749063670412,365,mood_0.0,0.7043010752688172,0.3119047619047619,0.4323432343234323,420
mood_1.0,0.049403747870528106,0.2857142857142857,0.084241103848947,203,mood_1.0,0.024390243902439025,0.17647058823529413,0.042857142857142864,17,mood_1.0,0.0070921985815602835,0.08333333333333333,0.013071895424836602,12
mood_2.0,0.376657824933687,0.08632218844984803,0.1404549950544016,1645,mood_2.0,0.23809523809523808,0.0641025641025641,0.10101010101010101,156,mood_2.0,0.27906976744186046,0.07017543859649122,0.11214953271028037,171
mood_3.0,0.06743058616130454,0.1951530612244898,0.10022928267278088,784,mood_3.0,0.06692913385826772,0.34,0.11184210526315791,50,mood_3.0,0.07420494699646643,0.42,0.12612612612612611,50
mood_accuracy,0.0,0.0,0.965001891789633,0,mood_accuracy,0.0,0.0,0.32142857142857145,0,mood_accuracy,0.0,0.0,0.33078101071975496,0
mood_macro avg,0.2860606250074099,0.23166173953668115,0.19700804442315858,5286,mood_macro avg,0.24063767763262525,0.2184309593173413,0.16411460320020343,588,mood_macro avg,0.2661669970721761,0.2213533834586466,0.17092269714616887,653
mood_weighted avg,0.4558433726008835,0.2472569050321604,0.29432739414576065,5286,mood_weighted avg,0.46258269139170916,0.23299319727891157,0.2863123481105535,588,mood_weighted avg,0.5318878033357786,0.25267993874425726,0.3173428752843857,653
0.0,0.9770114942528736,0.9784172661870504,0.9777138749101367,695,0.0,0.15584415584415584,0.2553191489361702,0.1935483870967742,47,0.0,0.18604651162790697,0.26229508196721313,0.21768707482993196,61
1.0,0.9487179487179487,0.940677966101695,0.9446808510638298,118,1.0,0.0,0.0,0.0,5,1.0,0.0,0.0,0.0,5
2.0,0.9419191919191919,0.9395465994962217,0.9407313997477932,397,2.0,0.20454545454545456,0.2,0.20224719101123598,45,2.0,0.02040816326530612,0.02857142857142857,0.023809523809523805,35
3.0,0.9660831509846827,0.9629225736095965,0.9645002730748224,917,3.0,0.17647058823529413,0.23684210526315788,0.20224719101123598,76,3.0,0.2743362831858407,0.31958762886597936,0.2952380952380952,97
4.0,0.9764444444444444,0.9738475177304965,0.9751442521083,2256,4.0,0.556,0.45723684210526316,0.5018050541516245,304,4.0,0.5467625899280576,0.4523809523809524,0.495114006514658,336
5.0,0.9525,0.9621212121212122,0.9572864321608041,396,5.0,0.1111111111111111,0.09803921568627451,0.10416666666666667,51,5.0,0.20408163265306123,0.16393442622950818,0.18181818181818182,61
6.0,0.9512670565302144,0.9625246548323472,0.9568627450980391,507,6.0,0.19298245614035087,0.18333333333333332,0.18803418803418803,60,6.0,0.109375,0.1206896551724138,0.11475409836065573,58
accuracy,0.0,0.0,0.9672720393492243,0,accuracy,0.0,0.0,0.3299319727891156,0,accuracy,0.0,0.0,0.332312404287902,0
macro avg,0.9591347552641937,0.9600082557255172,0.9595599754519607,5286,macro avg,0.1995648236966238,0.2043958064748856,0.19886409685310363,588,macro avg,0.19157288295145322,0.1924941675982136,0.1897744257958638,653
weighted avg,0.9673009722714384,0.9672720393492243,0.9672797713307363,5286,weighted avg,0.36770510122481437,0.3299319727891156,0.3447482517858045,588,weighted avg,0.3693395133235508,0.332312404287902,0.34740473678530875,653
mood_0.0,0.684856753069577,0.36206274792643345,0.47369662656286865,2773,mood_0.0,0.5739644970414202,0.29573170731707316,0.39034205231388336,328,mood_0.0,0.6182795698924731,0.3116531165311653,0.4144144144144144,369
mood_1.0,0.03833049403747871,0.23076923076923078,0.06574141709276844,195,mood_1.0,0.024390243902439025,0.2,0.04347826086956522,15,mood_1.0,0.0070921985815602835,0.125,0.013422818791946307,8
mood_2.0,0.40848806366047746,0.09897172236503857,0.15933781686497675,1556,mood_2.0,0.38095238095238093,0.08465608465608465,0.13852813852813853,189,mood_2.0,0.3488372093023256,0.07075471698113207,0.11764705882352941,212
mood_3.0,0.06654914059056853,0.19816272965879264,0.09963708347080172,762,mood_3.0,0.08267716535433071,0.375,0.13548387096774192,56,mood_3.0,0.10247349823321555,0.453125,0.16714697406340057,64
mood_accuracy,0.0,0.0,0.9672720393492243,0,mood_accuracy,0.0,0.0,0.3299319727891156,0,mood_accuracy,0.0,0.0,0.332312404287902,0
mood_macro avg,0.29955611283952543,0.22249160767987386,0.19960323599785387,5286,mood_macro avg,0.26549607181264273,0.23884694799328945,0.17695808066983226,588,mood_macro avg,0.26917061900239364,0.24013320837807434,0.1781578165233227,653
mood_weighted avg,0.49052215187002685,0.2561483163072266,0.3121894480587551,5286,mood_weighted avg,0.45111586725844377,0.23299319727891157,0.27628109188436895,588,mood_weighted avg,0.47276216100764756,0.2450229709035222,0.28892019032144,653
0.0,0.9755747126436781,0.9686162624821684,0.972083035075161,701,0.0,0.15584415584415584,0.2553191489361702,0.1935483870967742,47,0.0,0.18604651162790697,0.25806451612903225,0.2162162162162162,62
1.0,0.9316239316239316,0.9478260869565217,0.939655172413793,115,1.0,0.0,0.0,0.0,3,1.0,0.0,0.0,0.0,4
2.0,0.9217171717171717,0.958005249343832,0.9395109395109396,381,2.0,0.20454545454545456,0.18,0.1914893617021277,50,2.0,0.04081632653061224,0.047619047619047616,0.04395604395604395,42
3.0,0.9584245076586433,0.9605263157894737,0.9594742606790799,912,3.0,0.21568627450980393,0.22,0.21782178217821785,100,3.0,0.34513274336283184,0.30952380952380953,0.3263598326359832,126
4.0,0.9764444444444444,0.9699779249448124,0.9732004429678849,2265,4.0,0.572,0.45686900958466453,0.5079928952042628,313,4.0,0.5359712230215827,0.44744744744744747,0.4877250409165303,333
5.0,0.95,0.9644670050761421,0.9571788413098236,394,5.0,0.06666666666666667,0.075,0.07058823529411765,40,5.0,0.20408163265306123,0.1694915254237288,0.18518518518518517,59
6.0,0.9571150097465887,0.9478764478764479,0.9524733268671193,518,6.0,0.12280701754385964,0.2,0.15217391304347827,35,6.0,0.0625,0.14814814814814814,0.0879120879120879,27
accuracy,0.0,0.0,0.9642451759364359,0,accuracy,0.0,0.0,0.3333333333333333,0,accuracy,0.0,0.0,0.33690658499234305,0
macro avg,0.9529856825477797,0.959613613209914,0.9562251455462574,5286,macro avg,0.19107850987284863,0.1981697369315478,0.19051636778842548,588,macro avg,0.19636406245657073,0.1971849277558877,0.1924792009745781,653
weighted avg,0.9644351609580583,0.9642451759364359,0.9643006803298828,5286,weighted avg,0.3828596731014119,0.3333333333333333,0.35306940997227426,588,weighted avg,0.3812291404160037,0.33690658499234305,0.3554133064141654,653
mood_0.0,0.6807639836289222,0.3578343492291144,0.4690951821386604,2789,mood_0.0,0.6745562130177515,0.2930591259640103,0.40860215053763443,389,mood_0.0,0.7526881720430108,0.3125,0.44164037854889593,448
mood_1.0,0.036626916524701875,0.22164948453608246,0.0628654970760234,194,mood_1.0,0.024390243902439025,0.15789473684210525,0.04225352112676056,19,mood_1.0,0.02127659574468085,0.21428571428571427,0.03870967741935484,14
mood_2.0,0.3740053050397878,0.08929702343255225,0.1441717791411043,1579,mood_2.0,0.21428571428571427,0.06818181818181818,0.10344827586206896,132,mood_2.0,0.23255813953488372,0.06802721088435375,0.10526315789473685,147
mood_3.0,0.06522697223446453,0.20441988950276244,0.09889742733043769,724,mood_3.0,0.07086614173228346,0.375,0.11920529801324505,48,mood_3.0,0.0636042402826855,0.4090909090909091,0.11009174311926605,44
mood_accuracy,0.0,0.0,0.9642451759364359,0,mood_accuracy,0.0,0.0,0.3333333333333333,0,mood_accuracy,0.0,0.0,0.33690658499234305,0
mood_macro avg,0.2891557943569691,0.2183001866751279,0.19375747142155647,5286,mood_macro avg,0.24602457823454707,0.22353392024698343,0.16837731138492726,588,mood_macro avg,0.26753178690131524,0.2509759585652443,0.1739262392455634,653
mood_weighted avg,0.4811833289259238,0.2516080211880439,0.3064228804518564,5286,mood_weighted avg,0.500940596236251,0.24489795918367346,0.30463619078057336,588,mood_weighted avg,0.5734866868296485,0.26186830015313933,0.33493804897634055,653
0.0,0.9727011494252874,0.9713055954088953,0.9720028715003589,697,0.0,0.16883116883116883,0.24074074074074073,0.1984732824427481,54,0.0,0.18604651162790697,0.24242424242424243,0.2105263157894737,66
1.0,0.9316239316239316,0.9646017699115044,0.9478260869565217,113,1.0,0.0,0.0,0.0,5,1.0,0.0,0.0,0.0,4
2.0,0.9393939393939394,0.9393939393939394,0.9393939393939394,396,2.0,0.20454545454545456,0.1836734693877551,0.1935483870967742,49,2.0,0.02040816326530612,0.025,0.022471910112359546,40
3.0,0.962800875273523,0.9649122807017544,0.963855421686747,912,3.0,0.18627450980392157,0.2289156626506024,0.20540540540540542,83,3.0,0.3008849557522124,0.32075471698113206,0.31050228310502287,106
4.0,0.9755555555555555,0.9712389380530974,0.9733924611973392,2260,4.0,0.5,0.4562043795620438,0.47709923664122134,274,4.0,0.5071942446043165,0.4519230769230769,0.47796610169491527,312
5.0,0.9525,0.9525,0.9525,400,5.0,0.08888888888888889,0.06666666666666667,0.0761904761904762,60,5.0,0.22448979591836735,0.1527777777777778,0.1818181818181818,72
6.0,0.9551656920077972,0.9645669291338582,0.9598432908912831,508,6.0,0.21052631578947367,0.19047619047619047,0.2,63,6.0,0.09375,0.11320754716981132,0.10256410256410257,53
accuracy,0.0,0.0,0.9655694286795309,0,accuracy,0.0,0.0,0.30952380952380953,0,accuracy,0.0,0.0,0.32006125574272587,0
macro avg,0.955677306182862,0.9612170646575784,0.9584020102323126,5286,macro avg,0.1941523339798439,0.19523958706914274,0.19295954111094643,588,macro avg,0.19039623873830136,0.18658390875372005,0.18654984215486511,653
weighted avg,0.9656262449428489,0.9655694286795309,0.965587182731538,5286,weighted avg,0.3234640917200784,0.30952380952380953,0.31487533380854116,588,weighted avg,0.3435923755443458,0.32006125574272587,0.3297995183941074,653
mood_0.0,0.6841746248294679,0.3597560975609756,0.47155618241654906,2788,mood_0.0,0.6272189349112426,0.3045977011494253,0.41005802707930367,348,mood_0.0,0.6666666666666666,0.3229166666666667,0.4350877192982457,384
mood_1.0,0.05281090289608177,0.26609442060085836,0.08813077469793888,233,mood_1.0,0.032520325203252036,0.2857142857142857,0.058394160583941604,14,mood_1.0,0.02127659574468085,0.23076923076923078,0.03896103896103896,13
mood_2.0,0.38992042440318303,0.09496124031007752,0.15272727272727274,1548,mood_2.0,0.3333333333333333,0.08092485549132948,0.13023255813953488,173,mood_2.0,0.3488372093023256,0.07692307692307693,0.12605042016806722,195
mood_3.0,0.05905685323931247,0.18688981868898186,0.08975217682518419,717,mood_3.0,0.07480314960629922,0.3584905660377358,0.12377850162866448,53,mood_3.0,0.10600706713780919,0.4918032786885246,0.1744186046511628,61
mood_accuracy,0.0,0.0,0.9655694286795309,0,mood_accuracy,0.0,0.0,0.30952380952380953,0,mood_accuracy,0.0,0.0,0.32006125574272587,0
mood_macro avg,0.29649070134201133,0.2269253942902233,0.2005416016667362,5286,mood_macro avg,0.2669689357635318,0.2574318520981941,0.18061581185786116,588,mood_macro avg,0.2856968847128706,0.2806030632618748,0.19362944576962868,653
mood_weighted avg,0.48538107740220543,0.2546348846008324,0.3094981528655758,5286,mood_weighted avg,0.47680052295537156,0.24319727891156462,0.29355136873508786,588,mood_weighted avg,0.506533357816295,0.26339969372128635,0.3105659181217671,653
0.0,0.978448275862069,0.9770444763271162,0.9777458722182341,697,0.0,0.18181818181818182,0.23333333333333334,0.20437956204379562,60,0.0,0.20930232558139536,0.25,0.22784810126582278,72
1.0,0.9401709401709402,0.9649122807017544,0.9523809523809523,114,1.0,0.0,0.0,0.0,3,1.0,0.0,0.0,0.0,4
2.0,0.9393939393939394,0.9538461538461539,0.9465648854961831,390,2.0,0.18181818181818182,0.19047619047619047,0.18604651162790697,42,2.0,0.02040816326530612,0.03125,0.02469135802469136,32
3.0,0.9638949671772429,0.9660087719298246,0.9649507119386638,912,3.0,0.20588235294117646,0.23333333333333334,0.21874999999999997,90,3.0,0.3274336283185841,0.3274336283185841,0.3274336283185841,113
4.0,0.9791111111111112,0.9743476337903583,0.9767235646198184,2261,4.0,0.58,0.45741324921135645,0.5114638447971781,317,4.0,0.564748201438849,0.45375722543352603,0.5032051282051282,346
5.0,0.955,0.9622166246851386,0.958594730238394,397,5.0,0.06666666666666667,0.08571428571428572,0.075,35,5.0,0.20408163265306123,0.18181818181818182,0.19230769230769232,55
6.0,0.9629629629629629,0.9592233009708738,0.9610894941634242,515,6.0,0.12280701754385964,0.17073170731707318,0.14285714285714288,41,6.0,0.0625,0.12903225806451613,0.08421052631578947,31
accuracy,0.0,0.0,0.9691638289822172,0,accuracy,0.0,0.0,0.336734693877551,0,accuracy,0.0,0.0,0.34762633996937214,0
macro avg,0.9598545995254665,0.9653713203216029,0.9625786015793814,5286,macro avg,0.19128462868400947,0.19585744276936748,0.19121386590371764,588,macro avg,0.19835342160817082,0.1961844705192583,0.19424234777681545,653
weighted avg,0.9692442168052933,0.9691638289822172,0.9691923634399026,5286,weighted avg,0.38827089687549665,0.336734693877551,0.3577898110014424,588,weighted avg,0.40013429733554423,0.34762633996937214,0.36981869908057624,653
mood_0.0,0.6821282401091405,0.3779289493575208,0.4863813229571985,2646,mood_0.0,0.6035502958579881,0.2947976878612717,0.39611650485436894,346,mood_0.0,0.7043010752688172,0.33418367346938777,0.4532871972318339,392
mood_1.0,0.04258943781942078,0.25252525252525254,0.0728862973760933,198,mood_1.0,0.032520325203252036,0.17391304347826086,0.05479452054794521,23,mood_1.0,0.04964539007092199,0.3333333333333333,0.08641975308641975,21
mood_2.0,0.4323607427055703,0.09362435381964389,0.153918791312559,1741,mood_2.0,0.35714285714285715,0.0872093023255814,0.14018691588785048,172,mood_2.0,0.32558139534883723,0.07179487179487179,0.11764705882352941,195
mood_3.0,0.06434552666372852,0.20827389443651925,0.09831649831649832,701,mood_3.0,0.06299212598425197,0.3404255319148936,0.10631229235880399,47,mood_3.0,0.0706713780918728,0.4444444444444444,0.1219512195121951,45
mood_accuracy,0.0,0.0,0.9691638289822172,0,mood_accuracy,0.0,0.0,0.336734693877551,0,mood_accuracy,0.0,0.0,0.34762633996937214,0
mood_macro avg,0.305355986824465,0.2330881125347341,0.2028757274905873,5286,mood_macro avg,0.26405140104708735,0.22408639139500192,0.17435255841224218,588,mood_macro avg,0.28754980969511235,0.29593908076050934,0.19482630716349456,653
mood_weighted avg,0.49398227379090104,0.25709421112372305,0.30992980484681126,5286,mood_weighted avg,0.4659278421706972,0.23299319727891157,0.2847370951118851,588,mood_weighted avg,0.5264887577396987,0.26339969372128635,0.31842630547983264,653
0.0,0.9727011494252874,0.9755043227665706,0.9741007194244605,694,0.0,0.19480519480519481,0.23076923076923078,0.2112676056338028,65,0.0,0.20930232558139536,0.24324324324324326,0.225,74
1.0,0.9487179487179487,0.9487179487179487,0.9487179487179487,117,1.0,0.0,0.0,0.0,4,1.0,0.0,0.0,0.0,4
2.0,0.9419191919191919,0.9371859296482412,0.9395465994962218,398,2.0,0.18181818181818182,0.18181818181818182,0.18181818181818182,44,2.0,0.02040816326530612,0.029411764705882353,0.024096385542168672,34
3.0,0.9649890590809628,0.9639344262295082,0.9644614543466374,915,3.0,0.1568627450980392,0.22535211267605634,0.18497109826589594,71,3.0,0.2743362831858407,0.34831460674157305,0.306930693069307,89
4.0,0.9791111111111112,0.972197705207414,0.9756421612046058,2266,4.0,0.54,0.45918367346938777,0.4963235294117648,294,4.0,0.5611510791366906,0.4642857142857143,0.50814332247557,336
5.0,0.945,0.9692307692307692,0.9569620253164557,390,5.0,0.08888888888888889,0.07272727272727272,0.08,55,5.0,0.22448979591836735,0.16666666666666666,0.19130434782608696,66
6.0,0.9571150097465887,0.9703557312252964,0.9636898920510303,506,6.0,0.15789473684210525,0.16363636363636364,0.1607142857142857,55,6.0,0.09375,0.12,0.10526315789473684,50
accuracy,0.0,0.0,0.9676503972758229,0,accuracy,0.0,0.0,0.31802721088435376,0,accuracy,0.0,0.0,0.34150076569678406,0
macro avg,0.9585076385715844,0.9624466904322497,0.9604458286510514,5286,macro avg,0.18860996392177287,0.190498119299499,0.187870671549133,588,macro avg,0.1976339495839429,0.19598885652043993,0.19439112954398136,653
weighted avg,0.9677297385269807,0.9676503972758229,0.9676683861422855,5286,weighted avg,0.34716444214201214,0.31802721088435376,0.32997235664017066,588,weighted avg,0.38077912399406394,0.34150076569678406,0.3574448851372927,653
mood_0.0,0.680081855388813,0.3864341085271318,0.49283242708848246,2580,mood_0.0,0.5739644970414202,0.31596091205211724,0.4075630252100841,307,mood_0.0,0.6021505376344086,0.33633633633633636,0.4315992292870906,333
mood_1.0,0.05877342419080068,0.2653846153846154,0.09623430962343096,260,mood_1.0,0.032520325203252036,0.18181818181818182,0.055172413793103454,22,mood_1.0,0.0425531914893617,0.3,0.07453416149068323,20
mood_2.0,0.4403183023872679,0.09595375722543352,0.15757000474608446,1730,mood_2.0,0.4523809523809524,0.09547738693467336,0.15767634854771784,199,mood_2.0,0.37209302325581395,0.06694560669456066,0.11347517730496452,239
mood_3.0,0.06170118995152049,0.19553072625698323,0.09380234505862646,716,mood_3.0,0.08661417322834646,0.36666666666666664,0.14012738853503184,60,mood_3.0,0.0989399293286219,0.45901639344262296,0.1627906976744186,61
mood_accuracy,0.0,0.0,0.9676503972758229,0,mood_accuracy,0.0,0.0,0.31802721088435376,0,mood_accuracy,0.0,0.0,0.34150076569678406,0
mood_macro avg,0.31021869297960053,0.235825801848541,0.21010977162915612,5286,mood_macro avg,0.28636998696349275,0.23998078686790975,0.1901347940214843,588,mood_macro avg,0.27893417042705154,0.29057458411838,0.19559981643928923,653
mood_weighted avg,0.4872911449731381,0.2595535376466137,0.30955111041677624,5286,mood_weighted avg,0.4628285844620712,0.24149659863945577,0.2825185008776222,588,mood_weighted avg,0.45380208439392156,0.24808575803981622,0.27911795791185434,653
0.0,0.978448275862069,0.9700854700854701,0.9742489270386265,702,0.0,0.16883116883116883,0.24528301886792453,0.2,53,0.0,0.20930232558139536,0.2608695652173913,0.23225806451612907,69
1.0,0.9487179487179487,0.9327731092436975,0.9406779661016949,119,1.0,0.0,0.0,0.0,5,1.0,0.0,0.0,0.0,4
2.0,0.9343434343434344,0.9560723514211886,0.9450830140485312,387,2.0,0.20454545454545456,0.2,0.20224719101123598,45,2.0,0.02040816326530612,0.030303030303030304,0.024390243902439025,33
3.0,0.9649890590809628,0.9681668496158068,0.9665753424657534,911,3.0,0.21568627450980393,0.23404255319148937,0.22448979591836735,94,3.0,0.3185840707964602,0.32142857142857145,0.32,112
4.0,0.9782222222222222,0.9738938053097345,0.9760532150776053,2260,4.0,0.508,0.4551971326164875,0.4801512287334594,279,4.0,0.5251798561151079,0.4620253164556962,0.4915824915824916,316
5.0,0.94,0.9591836734693877,0.9494949494949495,392,5.0,0.08888888888888889,0.06896551724137931,0.07766990291262137,58,5.0,0.24489795918367346,0.17142857142857143,0.20168067226890757,70
6.0,0.9590643274853801,0.9553398058252427,0.9571984435797665,515,6.0,0.15789473684210525,0.16666666666666666,0.16216216216216214,54,6.0,0.09375,0.12244897959183673,0.10619469026548671,49
accuracy,0.0,0.0,0.9672720393492243,0,accuracy,0.0,0.0,0.3129251700680272,0,accuracy,0.0,0.0,0.33537519142419603,0
macro avg,0.9576836096731453,0.9593592949957896,0.9584759796867041,5286,macro avg,0.19197807480248877,0.19573641265484962,0.192388611533978,588,macro avg,0.20173176784884903,0.1955005763464425,0.19658659464792197,653
weighted avg,0.9673939497433727,0.9672720393492243,0.9673099078492791,5286,weighted avg,0.3296615281488915,0.3129251700680272,0.31977375570434713,588,weighted avg,0.3652223391382942,0.33537519142419603,0.34813466879371074,653
mood_0.0,0.6916780354706685,0.381203007518797,0.491517207949588,2660,mood_0.0,0.5976331360946746,0.2944606413994169,0.39453125,343,mood_0.0,0.6935483870967742,0.3324742268041237,0.44947735191637633,388
mood_1.0,0.04770017035775128,0.22950819672131148,0.07898448519040903,244,mood_1.0,0.032520325203252036,0.23529411764705882,0.05714285714285714,17,mood_1.0,0.014184397163120567,0.16666666666666666,0.026143790849673203,12
mood_2.0,0.3952254641909814,0.09003021148036254,0.14665354330708663,1655,mood_2.0,0.2857142857142857,0.06857142857142857,0.11059907834101383,175,mood_2.0,0.37209302325581395,0.08080808080808081,0.13278008298755187,198
mood_3.0,0.06478624944909651,0.20220082530949107,0.09813084112149532,727,mood_3.0,0.07480314960629922,0.3584905660377358,0.12377850162866448,53,mood_3.0,0.08833922261484099,0.45454545454545453,0.14792899408284024,55
mood_accuracy,0.0,0.0,0.9672720393492243,0,mood_accuracy,0.0,0.0,0.3129251700680272,0,mood_accuracy,0.0,0.0,0.33537519142419603,0
mood_macro avg,0.29984747986712446,0.22573556025749053,0.20382151939214474,5286,mood_macro avg,0.24766772415462787,0.23920418841391006,0.17151292177813385,588,mood_macro avg,0.29204125753263743,0.2586236072060814,0.18908255495911042,653
mood_weighted avg,0.4829171703565715,0.258418463866818,0.3103974126373287,5286,mood_weighted avg,0.441336017241603,0.23129251700680273,0.27586861669630136,588,mood_weighted avg,0.5326187791852577,0.26339969372128635,0.3202718057271693,653
0.0,0.9755747126436781,0.978386167146974,0.976978417266187,694,0.0,0.15584415584415584,0.23529411764705882,0.18749999999999997,51,0.0,0.19767441860465115,0.2537313432835821,0.22222222222222224,67
1.0,0.9658119658119658,0.9338842975206612,0.9495798319327732,121,1.0,0.0,0.0,0.0,5,1.0,0.0,0.0,0.0,4
2.0,0.952020202020202,0.9472361809045227,0.9496221662468514,398,2.0,0.20454545454545456,0.21951219512195122,0.21176470588235297,41,2.0,0.02040816326530612,0.03333333333333333,0.025316455696202528,30
3.0,0.962800875273523,0.962800875273523,0.962800875273523,914,3.0,0.21568627450980393,0.24175824175824176,0.22797927461139894,91,3.0,0.336283185840708,0.336283185840708,0.336283185840708,113
4.0,0.9737777777777777,0.9755120213713268,0.9746441281138789,2246,4.0,0.556,0.4542483660130719,0.5,306,4.0,0.5611510791366906,0.4642857142857143,0.50814332247557,336
5.0,0.9475,0.9546599496221663,0.9510664993726474,397,5.0,0.06666666666666667,0.06,0.06315789473684212,50,5.0,0.22448979591836735,0.171875,0.19469026548672563,64
6.0,0.9590643274853801,0.9534883720930233,0.9562682215743439,516,6.0,0.14035087719298245,0.18181818181818182,0.15841584158415842,44,6.0,0.09375,0.15384615384615385,0.11650485436893204,39
accuracy,0.0,0.0,0.9668936814226258,0,accuracy,0.0,0.0,0.3282312925170068,0,accuracy,0.0,0.0,0.35068912710566613,0
macro avg,0.9623642658589323,0.957995409133171,0.9601371628257436,5286,macro avg,0.19129906125129478,0.19894730033692937,0.19268824525925035,588,macro avg,0.20482237753796045,0.20190781865564164,0.2004514722986229,653
weighted avg,0.9668853047130811,0.9668936814226258,0.9668804990049035,5286,weighted avg,0.36667795662352437,0.3282312925170068,0.3437400658118348,588,weighted avg,0.39575312476749525,0.35068912710566613,0.36966065118392843,653
mood_0.0,0.6869031377899045,0.36485507246376814,0.4765735920492192,2760,mood_0.0,0.621301775147929,0.3017241379310345,0.4061895551257253,348,mood_0.0,0.6881720430107527,0.32323232323232326,0.43986254295532645,396
mood_1.0,0.041737649063032366,0.20851063829787234,0.06955287437899219,235,mood_1.0,0.032520325203252036,0.2,0.055944055944055944,20,mood_1.0,0.028368794326241134,0.25,0.050955414012738856,16
mood_2.0,0.46684350132625996,0.10972568578553615,0.17768803634528013,1604,mood_2.0,0.3333333333333333,0.08284023668639054,0.13270142180094788,169,mood_2.0,0.32558139534883723,0.07368421052631578,0.12017167381974247,190
mood_3.0,0.05641251652710445,0.18631732168850074,0.08660351826792964,687,mood_3.0,0.07086614173228346,0.35294117647058826,0.11803278688524589,51,mood_3.0,0.07420494699646643,0.4117647058823529,0.125748502994012,51
mood_accuracy,0.0,0.0,0.9668936814226258,0,mood_accuracy,0.0,0.0,0.3282312925170068,0,mood_accuracy,0.0,0.0,0.35068912710566613,0
mood_macro avg,0.3129742011765754,0.21735217955891933,0.20260450526035528,5286,mood_macro avg,0.26450539385419947,0.23437638777200331,0.17821695493899375,588,mood_macro avg,0.2790817949205744,0.264670309910248,0.18418453344545493,653
mood_weighted avg,0.5095030992832749,0.25728339008702233,0.31710107205501425,5286,mood_weighted avg,0.47076688914493886,0.23979591836734693,0.2906786712893558,588,mood_weighted avg,0.5185527521509599,0.2557427258805513,0.3127819989478695,653
0.0,0.9755747126436781,0.9812138728323699,0.978386167146974,692,0.0,0.15584415584415584,0.23076923076923078,0.186046511627907,52,0.0,0.20930232558139536,0.2608695652173913,0.23225806451612907,69
1.0,0.9487179487179487,0.9568965517241379,0.9527896995708154,116,1.0,0.0,0.0,0.0,5,1.0,0.0,0.0,0.0,4
2.0,0.9343434343434344,0.9462915601023018,0.940279542566709,391,2.0,0.20454545454545456,0.2,0.20224719101123598,45,2.0,0.02040816326530612,0.03333333333333333,0.025316455696202528,30
3.0,0.9715536105032823,0.9652173913043478,0.9683751363140676,920,3.0,0.19607843137254902,0.22727272727272727,0.2105263157894737,88,3.0,0.3274336283185841,0.33636363636363636,0.33183856502242154,110
4.0,0.9817777777777777,0.9757067137809188,0.9787328311918477,2264,4.0,0.524,0.45017182130584193,0.48428835489833644,291,4.0,0.5467625899280576,0.4648318042813456,0.5024793388429751,327
5.0,0.9475,0.9643765903307888,0.9558638083228247,393,5.0,0.06666666666666667,0.057692307692307696,0.061855670103092786,52,5.0,0.20408163265306123,0.15625,0.17699115044247787,64
6.0,0.9512670565302144,0.9568627450980393,0.9540566959921798,510,6.0,0.17543859649122806,0.18181818181818182,0.17857142857142855,55,6.0,0.109375,0.14285714285714285,0.12389380530973451,49
accuracy,0.0,0.0,0.9693530079455165,0,accuracy,0.0,0.0,0.31462585034013607,0,accuracy,0.0,0.0,0.3445635528330781,0
macro avg,0.9586763629309049,0.9637950607389862,0.9612119830150597,5286,macro avg,0.1889390435600077,0.19253203840832708,0.18907649600021065,588,macro avg,0.20248047710662923,0.19921506886469276,0.19896819711856298,653
weighted avg,0.96945992724391,0.9693530079455165,0.9693900455568805,5286,weighted avg,0.340413491484541,0.31462585034013607,0.3252851916357751,588,weighted avg,0.38022016979232837,0.3445635528330781,0.359872153392211,653
mood_0.0,0.6787175989085948,0.3758972421609369,0.48383175297836134,2647,mood_0.0,0.6094674556213018,0.3056379821958457,0.4071146245059289,337,mood_0.0,0.6720430107526881,0.32981530343007914,0.4424778761061947,379
mood_1.0,0.04088586030664395,0.2,0.06789250353606789,240,mood_1.0,0.032520325203252036,0.21052631578947367,0.056338028169014086,19,mood_1.0,0.028368794326241134,0.2222222222222222,0.050314465408805034,18
mood_2.0,0.3978779840848806,0.09253547193090685,0.15015015015015015,1621,mood_2.0,0.38095238095238093,0.09090909090909091,0.14678899082568808,176,mood_2.0,0.3488372093023256,0.07692307692307693,0.12605042016806722,195
mood_3.0,0.06919347730277656,0.20179948586118251,0.10305218247456517,778,mood_3.0,0.07874015748031496,0.35714285714285715,0.12903225806451613,56,mood_3.0,0.10247349823321555,0.47540983606557374,0.16860465116279072,61
mood_accuracy,0.0,0.0,0.9693530079455165,0,mood_accuracy,0.0,0.0,0.31462585034013607,0,mood_accuracy,0.0,0.0,0.3445635528330781,0
mood_macro avg,0.296668730150724,0.21755804998825656,0.20123164728478615,5286,mood_macro avg,0.27542007981431244,0.24105406150931685,0.1848184753912868,588,mood_macro avg,0.28793062815361764,0.27609260966023796,0.19686185321146443,653
mood_weighted avg,0.47392562019065393,0.25539160045402953,0.3065767768333303,5286,mood_weighted avg,0.47188007923428094,0.24319727891156462,0.29137537386163825,588,mood_weighted avg,0.5045774557110578,0.2649310872894334,0.3115918699468754,653
0.0,0.9741379310344828,0.9797687861271677,0.9769452449567723,692,0.0,0.15584415584415584,0.22641509433962265,0.1846153846153846,53,0.0,0.20930232558139536,0.2571428571428571,0.23076923076923075,70
1.0,0.9401709401709402,0.9401709401709402,0.9401709401709402,117,1.0,0.0,0.0,0.0,5,1.0,0.0,0.0,0.0,4
2.0,0.9393939393939394,0.9538461538461539,0.9465648854961831,390,2.0,0.20454545454545456,0.17647058823529413,0.18947368421052632,51,2.0,0.02040816326530612,0.02702702702702703,0.023255813953488372,37
3.0,0.9638949671772429,0.9649507119386638,0.9644225506294473,913,3.0,0.20588235294117646,0.23863636363636365,0.2210526315789474,88,3.0,0.3274336283185841,0.3217391304347826,0.32456140350877194,115
4.0,0.9777777777777777,0.974745237040319,0.9762591524295541,2257,4.0,0.512,0.4507042253521127,0.47940074906367036,284,4.0,0.5251798561151079,0.4605678233438486,0.4907563025210084,317
5.0,0.96,0.96,0.96,400,5.0,0.08888888888888889,0.07272727272727272,0.08,55,5.0,0.20408163265306123,0.16129032258064516,0.1801801801801802,62
6.0,0.9649122807017544,0.9574468085106383,0.9611650485436893,517,6.0,0.15789473684210525,0.17307692307692307,0.16513761467889906,52,6.0,0.09375,0.125,0.10714285714285714,48
accuracy,0.0,0.0,0.9685962920923193,0,accuracy,0.0,0.0,0.3112244897959184,0,accuracy,0.0,0.0,0.333843797856049,0
macro avg,0.9600411194651625,0.9615612339476975,0.9607896888895123,5286,macro avg,0.18929365558025443,0.19114720962394127,0.18852572344963253,588,macro avg,0.19716508656192208,0.19325245150416578,0.19380939829650526,653
weighted avg,0.9686355057206911,0.9685962920923193,0.968608293739855,5286,weighted avg,0.33217112364806184,0.3112244897959184,0.3197914516253142,588,weighted avg,0.3624750500783004,0.333843797856049,0.3464359094744594,653
mood_0.0,0.7073669849931787,0.37248563218390807,0.488,2784,mood_0.0,0.591715976331361,0.3003003003003003,0.39840637450199207,333,mood_0.0,0.6666666666666666,0.3237597911227154,0.43585237258347986,383
mood_1.0,0.048551959114139696,0.25333333333333335,0.08148677626876341,225,mood_1.0,0.032520325203252036,0.2,0.055944055944055944,20,mood_1.0,0.02127659574468085,0.16666666666666666,0.03773584905660377,18
mood_2.0,0.40848806366047746,0.09753008233058898,0.15746421267893662,1579,mood_2.0,0.38095238095238093,0.09248554913294797,0.14883720930232555,173,mood_2.0,0.32558139534883723,0.07329842931937172,0.11965811965811966,191
mood_3.0,0.05597179374173645,0.1819484240687679,0.08560835861139199,698,mood_3.0,0.08661417322834646,0.3548387096774194,0.13924050632911392,62,mood_3.0,0.10247349823321555,0.47540983606557374,0.16860465116279072,61
mood_accuracy,0.0,0.0,0.9685962920923193,0,mood_accuracy,0.0,0.0,0.3112244897959184,0,mood_accuracy,0.0,0.0,0.333843797856049,0
mood_macro avg,0.3050947003773831,0.2263243679791496,0.203139836889773,5286,mood_macro avg,0.27295071392883513,0.23690613977766692,0.18560703651937185,588,mood_macro avg,0.2789995389983501,0.2597836807935819,0.1904627481152485,653
mood_weighted avg,0.5040304278420955,0.26012107453651157,0.3188265514171896,5286,mood_weighted avg,0.45742630487640756,0.24149659863945577,0.28600332045876165,588,mood_weighted avg,0.4964061898324527,0.26033690658499237,0.3074277007015662,653
0.0,0.9798850574712644,0.9855491329479769,0.9827089337175793,692,0.0,0.15584415584415584,0.22641509433962265,0.1846153846153846,53,0.0,0.20930232558139536,0.2571428571428571,0.23076923076923075,70
1.0,0.9230769230769231,0.9642857142857143,0.943231441048035,112,1.0,0.0,0.0,0.0,5,1.0,0.0,0.0,0.0,4
2.0,0.9393939393939394,0.9441624365482234,0.9417721518987343,394,2.0,0.20454545454545456,0.1836734693877551,0.1935483870967742,49,2.0,0.02040816326530612,0.029411764705882353,0.024096385542168672,34
3.0,0.962800875273523,0.9691629955947136,0.9659714599341382,908,3.0,0.20588235294117646,0.23863636363636365,0.2210526315789474,88,3.0,0.3274336283185841,0.3217391304347826,0.32456140350877194,115
4.0,0.9791111111111112,0.972197705207414,0.9756421612046058,2266,4.0,0.528,0.45517241379310347,0.4888888888888889,290,4.0,0.539568345323741,0.46875,0.5016722408026756,320
5.0,0.955,0.9622166246851386,0.958594730238394,397,5.0,0.06666666666666667,0.0625,0.06451612903225808,48,5.0,0.20408163265306123,0.15873015873015872,0.17857142857142858,63
6.0,0.9649122807017544,0.9574468085106383,0.9611650485436893,517,6.0,0.15789473684210525,0.16363636363636364,0.1607142857142857,55,6.0,0.109375,0.14893617021276595,0.12612612612612611,47
accuracy,0.0,0.0,0.9689746500189179,0,accuracy,0.0,0.0,0.3163265306122449,0,accuracy,0.0,0.0,0.34150076569678406,0
macro avg,0.9577400267183593,0.9650030596828313,0.961297989512168,5286,macro avg,0.18840476669136555,0.19000481497045835,0.18761938670379122,588,macro avg,0.20145272787744112,0.19781572588949242,0.19797097361720023,653
weighted avg,0.9690635469021729,0.9689746500189179,0.9689985607812353,5286,weighted avg,0.3425243624449096,0.3163265306122449,0.3272703326818309,588,weighted avg,0.3731386614993802,0.34150076569678406,0.35529973912798285,653
mood_0.0,0.6855388813096862,0.37180910099889014,0.4821300071959703,2703,mood_0.0,0.5857988165680473,0.2955223880597015,0.39285714285714285,335,mood_0.0,0.6827956989247311,0.3231552162849873,0.43868739205526774,393
mood_1.0,0.05877342419080068,0.2875,0.09759547383309758,240,mood_1.0,0.032520325203252036,0.17391304347826086,0.05479452054794521,23,mood_1.0,0.02127659574468085,0.1875,0.03821656050955414,16
mood_2.0,0.38992042440318303,0.09351145038167939,0.150846587993843,1572,mood_2.0,0.38095238095238093,0.0935672514619883,0.15023474178403756,171,mood_2.0,0.32558139534883723,0.0748663101604278,0.12173913043478261,187
mood_3.0,0.07227853680035258,0.2127107652399481,0.10789473684210527,771,mood_3.0,0.08661417322834646,0.3728813559322034,0.14057507987220447,59,mood_3.0,0.09187279151943463,0.45614035087719296,0.15294117647058825,57
mood_accuracy,0.0,0.0,0.9689746500189179,0,mood_accuracy,0.0,0.0,0.3163265306122449,0,mood_accuracy,0.0,0.0,0.34150076569678406,0
mood_macro avg,0.30162781667600563,0.2413828291551294,0.20961670146625405,5286,mood_macro avg,0.27147142398800667,0.2339710097330385,0.1846153712653325,588,mood_macro avg,0.280381620384421,0.260415469330652,0.18789606486754817,653
mood_weighted avg,0.4797198026902667,0.26201286416950437,0.3115660237613007,5286,mood_weighted avg,0.45449602787976223,0.23979591836734693,0.28376103297155797,588,mood_weighted avg,0.5127099621074649,0.26033690658499237,0.313167648539052,653
0.0,0.9755747126436781,0.9797979797979798,0.9776817854571633,693,0.0,0.15584415584415584,0.23529411764705882,0.18749999999999997,51,0.0,0.19767441860465115,0.2463768115942029,0.21935483870967742,69
1.0,0.9487179487179487,0.9487179487179487,0.9487179487179487,117,1.0,0.0,0.0,0.0,5,1.0,0.0,0.0,0.0,4
2.0,0.9368686868686869,0.9537275064267352,0.9452229299363056,389,2.0,0.20454545454545456,0.19148936170212766,0.19780219780219782,47,2.0,0.02040816326530612,0.029411764705882353,0.024096385542168672,34
3.0,0.9704595185995624,0.9651795429815017,0.9678123295144573,919,3.0,0.20588235294117646,0.23863636363636365,0.2210526315789474,88,3.0,0.3185840707964602,0.32142857142857145,0.32,112
4.0,0.9826666666666667,0.9757281553398058,0.979185119574845,2266,4.0,0.54,0.46075085324232085,0.49723756906077354,293,4.0,0.5431654676258992,0.4674922600619195,0.502495840266223,323
5.0,0.9575,0.9671717171717171,0.9623115577889447,396,5.0,0.06666666666666667,0.06,0.06315789473684212,50,5.0,0.20408163265306123,0.15873015873015872,0.17857142857142858,63
6.0,0.9532163742690059,0.9664031620553359,0.9597644749754661,506,6.0,0.15789473684210525,0.16666666666666666,0.16216216216216214,54,6.0,0.109375,0.14583333333333334,0.125,48
accuracy,0.0,0.0,0.9706772606886114,0,accuracy,0.0,0.0,0.32142857142857145,0,accuracy,0.0,0.0,0.33996937212863704,0
macro avg,0.960714843966507,0.9652465732130036,0.9629565922807329,5286,macro avg,0.19011905240565127,0.1932624804135054,0.1898446364772747,588,macro avg,0.19904125042076828,0.19561041426486692,0.19564549901278538,653
weighted avg,0.970788430702567,0.9706772606886114,0.9707140389840013,5286,weighted avg,0.3499302457369368,0.32142857142857145,0.3331923369116601,588,weighted avg,0.37299298202795284,0.33996937212863704,0.35428930686889964,653
mood_0.0,0.6889495225102319,0.3713235294117647,0.48256091734352613,2720,mood_0.0,0.5976331360946746,0.2988165680473373,0.3984220907297831,338,mood_0.0,0.6774193548387096,0.3247422680412371,0.43902439024390244,388
mood_1.0,0.04514480408858603,0.21544715447154472,0.07464788732394367,246,mood_1.0,0.032520325203252036,0.18181818181818182,0.055172413793103454,22,mood_1.0,0.02127659574468085,0.2,0.03846153846153846,15
mood_2.0,0.33421750663129973,0.08160621761658031,0.13118167621030713,1544,mood_2.0,0.38095238095238093,0.09302325581395349,0.14953271028037382,172,mood_2.0,0.3488372093023256,0.07894736842105263,0.12875536480686697,190
mood_3.0,0.061260467166152494,0.1791237113402062,0.09129720853858785,776,mood_3.0,0.08267716535433071,0.375,0.13548387096774192,56,mood_3.0,0.0989399293286219,0.4666666666666667,0.16326530612244897,60
mood_accuracy,0.0,0.0,0.9706772606886114,0,mood_accuracy,0.0,0.0,0.32142857142857145,0,mood_accuracy,0.0,0.0,0.33996937212863704,0
mood_macro avg,0.2823930750990675,0.21187515321002398,0.1949219223540912,5286,mood_macro avg,0.27344575190115955,0.23716450141986817,0.18465277144275058,588,mood_macro avg,0.2866182723035845,0.2675890757822391,0.1923766499086892,653
mood_weighted avg,0.46322706693024673,0.2512296632614453,0.30350363551849024,5286,mood_weighted avg,0.46406322778592457,0.24149659863945577,0.28773330393287894,588,mood_weighted avg,0.5135885515172262,0.26339969372128635,0.31420800026371953,653
0.0,0.9798850574712644,0.9827089337175793,0.981294964028777,694,0.0,0.15584415584415584,0.22641509433962265,0.1846153846153846,53,0.0,0.20930232558139536,0.2571428571428571,0.23076923076923075,70
1.0,0.9316239316239316,0.9819819819819819,0.9561403508771931,111,1.0,0.0,0.0,0.0,5,1.0,0.0,0.0,0.0,4
2.0,0.9595959595959596,0.9476309226932669,0.9535759096612296,401,2.0,0.20454545454545456,0.1875,0.19565217391304346,48,2.0,0.02040816326530612,0.029411764705882353,0.024096385542168672,34
3.0,0.9770240700218819,0.9738276990185387,0.9754232659748772,917,3.0,0.19607843137254902,0.23809523809523808,0.2150537634408602,84,3.0,0.3185840707964602,0.3302752293577982,0.32432432432432434,109
4.0,0.9853333333333333,0.980106100795756,0.9827127659574468,2262,4.0,0.54,0.45918367346938777,0.4963235294117648,294,4.0,0.5431654676258992,0.4617737003058104,0.49917355371900823,327
5.0,0.9525,0.9844961240310077,0.9682337992376111,387,5.0,0.06666666666666667,0.06,0.06315789473684212,50,5.0,0.20408163265306123,0.15873015873015872,0.17857142857142858,63
6.0,0.9688109161793372,0.9669260700389105,0.9678675754625121,514,6.0,0.15789473684210525,0.16666666666666666,0.16216216216216214,54,6.0,0.09375,0.13043478260869565,0.10909090909090909,46
accuracy,0.0,0.0,0.9759742716609913,0,accuracy,0.0,0.0,0.3197278911564626,0,accuracy,0.0,0.0,0.33996937212863704,0
macro avg,0.9649676097465296,0.9739539760395772,0.969321233028521,5286,macro avg,0.18871849218156161,0.19112295322441647,0.18813784404000816,588,macro avg,0.19847023713173173,0.19539549897874317,0.19514654743100995,653
weighted avg,0.9760858587248467,0.9759742716609913,0.9759901720289228,5286,weighted avg,0.3489254412177266,0.3197278911564626,0.33175885204444117,588,weighted avg,0.3749700686513693,0.33996937212863704,0.35501134532607775,653
mood_0.0,0.6828103683492497,0.3678794560823227,0.47814664437544785,2721,mood_0.0,0.5798816568047337,0.296969696969697,0.3927855711422846,330,mood_0.0,0.6666666666666666,0.32717678100263853,0.4389380530973451,379
mood_1.0,0.054514480408858604,0.2711864406779661,0.09078014184397164,236,mood_1.0,0.032520325203252036,0.17391304347826086,0.05479452054794521,23,mood_1.0,0.02127659574468085,0.17647058823529413,0.0379746835443038,17
mood_2.0,0.3687002652519894,0.08887468030690537,0.14322514167954664,1564,mood_2.0,0.38095238095238093,0.09090909090909091,0.14678899082568808,176,mood_2.0,0.3488372093023256,0.07692307692307693,0.12605042016806722,195
mood_3.0,0.06434552666372852,0.19084967320261437,0.0962425840474621,765,mood_3.0,0.08661417322834646,0.3728813559322034,0.14057507987220447,59,mood_3.0,0.10247349823321555,0.46774193548387094,0.16811594202898553,62
mood_accuracy,0.0,0.0,0.9759742716609913,0,mood_accuracy,0.0,0.0,0.3197278911564626,0,mood_accuracy,0.0,0.0,0.33996937212863704,0
mood_macro avg,0.29259266016845653,0.22969756256745213,0.20209862798660705,5286,mood_macro avg,0.26999213404717826,0.23366829682231305,0.18373604059703058,588,mood_macro avg,0.28481349248672216,0.2620780954112201,0.1927697747096754,653
mood_weighted avg,0.47231630200655744,0.25539160045402953,0.3064871038978226,5286,mood_weighted avg,0.4494332814512388,0.23809523809523808,0.28062636827778537,588,mood_weighted avg,0.501385882846461,0.26186830015313933,0.30935086076985785,653
